연도,월,행정구역구분명,행정구역명,총 인구수,0~9세,10~19세,20~29세,30~39세,40~49세,50~59세,60~69세,70~79세,80~89세,90~99세,100세 이상,총 인구수 (남),0~9세 (남),10~19세 (남),20~29세 (남),30~39세 (남),40~49세 (남),50~59세 (남),60~69세 (남),70~79세 (남),80~89세 (남),90~99세 (남),100세 이상 (남),총 인구수 (여),0~9세 (여),10~19세 (여),20~29세 (여),30~39세 (여),40~49세 (여),50~59세 (여),60~69세 (여),70~79세 (여),80~89세 (여),90~99세 (여),100세 이상 (여)
2021,04,도,경기도,13479798,1130520,1325369,1812656,1901856,2298715,2242984,1587742,767606,357086,52864,2400,6784466,578890,681423,954827,981229,1169273,1136978,789501,349150,130158,12458,579,6695332,551630,643946,857829,920627,1129442,1106006,798241,418456,226928,40406,1821
2021,04,읍면동,경기도 가평군 ,62206,3282,4561,6213,5602,7848,11213,12410,6791,3726,524,36,32080,1648,2403,3576,3044,4224,5954,6414,3222,1440,141,14,30126,1634,2158,2637,2558,3624,5259,5996,3569,2286,383,22
2021,04,읍면동,경기도 가평군 가평읍 ,19426,1123,1658,2196,1865,2626,3417,3349,1916,1108,152,16,9886,570,905,1203,981,1409,1807,1685,869,410,43,4,9540,553,753,993,884,1217,1610,1664,1047,698,109,12
2021,04,읍면동,경기도 가평군 북면,3907,151,200,246,264,399,702,997,563,334,46,5,2000,63,108,139,149,228,390,509,276,125,11,2,1907,88,92,107,115,171,312,488,287,209,35,3
2021,04,읍면동,경기도 가평군 상면,5617,151,293,537,373,554,1105,1424,740,387,51,2,2958,76,166,356,209,318,559,745,372,144,12,1,2659,75,127,181,164,236,546,679,368,243,39,1
2021,04,읍면동,경기도 가평군 설악면 ,9639,543,769,914,826,1126,1711,2058,985,589,114,4,4950,267,370,508,455,578,917,1086,497,237,32,3,4689,276,399,406,371,548,794,972,488,352,82,1
2021,04,읍면동,경기도 가평군 조종면 ,9655,689,658,1025,1123,1226,1631,1820,955,475,48,5,5133,350,342,632,628,665,853,1001,453,194,13,2,4522,339,316,393,495,561,778,819,502,281,35,3
2021,04,읍면동,경기도 가평군 청평면 ,13962,625,983,1295,1151,1917,2647,2762,1632,833,113,4,7153,322,512,738,622,1026,1428,1388,755,330,30,2,6809,303,471,557,529,891,1219,1374,877,503,83,2
2021,04,시군,경기도 고양시 ,1080736,81222,103680,149697,143232,180894,195280,125985,61795,33821,4948,182,529062,41474,53030,76716,71068,87592,96072,63077,26504,12236,1246,47,551674,39748,50650,72981,72164,93302,99208,62908,35291,21585,3702,135
2021,04,구,경기도 고양시 덕양구 ,479828,38448,41295,62636,68497,78854,83215,59022,30338,15327,2103,93,237074,19626,21099,32403,34519,39513,41453,29210,13115,5602,512,22,242754,18822,20196,30233,33978,39341,41762,29812,17223,9725,1591,71
2021,04,읍면동,경기도 고양시 덕양구 고양동,30071,2139,3092,3562,3203,5207,5081,4115,2439,1088,139,6,15094,1082,1635,1904,1643,2632,2687,1976,1067,423,44,1,14977,1057,1457,1658,1560,2575,2394,2139,1372,665,95,5
2021,04,읍면동,경기도 고양시 덕양구 관산동,36710,2089,2816,4331,4071,5711,6964,5971,3121,1428,199,9,18601,1075,1461,2385,2189,3007,3566,2936,1403,540,37,2,18109,1014,1355,1946,1882,2704,3398,3035,1718,888,162,7
2021,04,읍면동,경기도 고양시 덕양구 능곡동,15578,895,1204,2114,1816,2197,3147,2386,1150,578,90,1,7995,475,641,1168,964,1102,1611,1253,533,231,17,0,7583,420,563,946,852,1095,1536,1133,617,347,73,1
2021,04,읍면동,경기도 고양시 덕양구 대덕동,2440,86,126,394,267,292,452,445,253,107,14,4,1414,43,68,244,170,169,282,265,121,48,3,1,1026,43,58,150,97,123,170,180,132,59,11,3
2021,04,읍면동,경기도 고양시 덕양구 삼송동,24028,2429,1560,2808,4608,4023,3452,2847,1560,669,69,3,11591,1196,813,1330,2271,2041,1603,1365,707,250,14,1,12437,1233,747,1478,2337,1982,1849,1482,853,419,55,2
2021,04,읍면동,경기도 고양시 덕양구 성사1동 ,21838,1277,1815,2984,2541,3416,4238,3047,1578,816,116,10,10863,658,963,1572,1319,1735,2169,1465,652,306,23,1,10975,619,852,1412,1222,1681,2069,1582,926,510,93,9
2021,04,읍면동,경기도 고양시 덕양구 성사2동 ,11385,612,1021,1473,1272,1700,2100,1637,941,558,67,4,5503,306,523,807,651,804,994,799,401,203,14,1,5882,306,498,666,621,896,1106,838,540,355,53,3
2021,04,읍면동,경기도 고양시 덕양구 원신동,23557,3009,2021,2225,3914,4285,3292,2857,1330,548,76,0,11330,1487,979,1145,1813,2187,1552,1336,613,199,19,0,12227,1522,1042,1080,2101,2098,1740,1521,717,349,57,0
2021,04,읍면동,경기도 고양시 덕양구 주교동,14866,549,1140,2084,1540,2077,3160,2396,1229,602,85,4,7674,304,623,1160,877,1080,1660,1222,525,201,20,2,7192,245,517,924,663,997,1500,1174,704,401,65,2
2021,04,읍면동,경기도 고양시 덕양구 창릉동,21918,2642,1585,2417,4921,3873,2746,2189,1053,417,72,3,10928,1374,814,1162,2441,2002,1379,1076,501,154,25,0,10990,1268,771,1255,2480,1871,1367,1113,552,263,47,3
2021,04,읍면동,경기도 고양시 덕양구 행신1동 ,21922,1310,2039,3074,2683,3467,4242,2877,1361,759,105,5,10701,710,998,1568,1409,1655,2061,1461,532,283,23,1,11221,600,1041,1506,1274,1812,2181,1416,829,476,82,4
2021,04,읍면동,경기도 고양시 덕양구 행신2동 ,32108,2212,2748,4866,4886,4908,5914,3555,1825,1051,136,7,15781,1137,1403,2554,2520,2344,2878,1814,744,353,33,1,16327,1075,1345,2312,2366,2564,3036,1741,1081,698,103,6
2021,04,읍면동,경기도 고양시 덕양구 행신3동 ,45765,2638,4784,6901,5079,7319,9291,5386,2601,1534,230,2,22211,1351,2399,3603,2561,3474,4537,2660,1079,492,54,1,23554,1287,2385,3298,2518,3845,4754,2726,1522,1042,176,1
2021,04,읍면동,경기도 고양시 덕양구 행주동,18995,704,1191,2850,2264,2681,3974,3054,1420,739,116,2,9944,378,630,1568,1286,1462,2156,1581,602,262,18,1,9051,326,561,1282,978,1219,1818,1473,818,477,98,1
2021,04,읍면동,경기도 고양시 덕양구 화전동,27386,3908,1765,2971,6083,4804,3387,2658,1186,519,99,6,13631,1989,867,1489,2954,2578,1688,1283,571,185,26,1,13755,1919,898,1482,3129,2226,1699,1375,615,334,73,5
2021,04,읍면동,경기도 고양시 덕양구 화정1동 ,37869,1938,3608,6181,4288,5730,7546,4314,2525,1548,180,11,18447,1004,1871,3125,2214,2682,3687,2188,996,615,63,2,19422,934,1737,3056,2074,3048,3859,2126,1529,933,117,9
2021,04,읍면동,경기도 고양시 덕양구 화정2동 ,33154,2542,3669,4621,4287,6090,5830,3192,1710,1075,135,3,16066,1303,1891,2332,2116,2819,2883,1625,664,395,37,1,17088,1239,1778,2289,2171,3271,2947,1567,1046,680,98,2
2021,04,읍면동,경기도 고양시 덕양구 효자동,13375,2051,983,1543,2878,2366,1666,1127,493,227,33,8,6513,1029,449,710,1366,1270,820,551,232,75,7,4,6862,1022,534,833,1512,1096,846,576,261,152,26,4
2021,04,읍면동,경기도 고양시 덕양구 흥도동,46863,5418,4128,5237,7896,8708,6733,4969,2563,1064,142,5,22787,2725,2071,2577,3755,4470,3240,2354,1172,387,35,1,24076,2693,2057,2660,4141,4238,3493,2615,1391,677,107,4
2021,04,구,경기도 고양시 일산동구,300407,20696,29204,44758,38625,50887,56071,34102,15595,8985,1439,45,146147,10585,15046,22558,18886,24118,27365,17255,6741,3222,356,15,154260,10111,14158,22200,19739,26769,28706,16847,8854,5763,1083,30
2021,04,읍면동,경기도 고양시 일산동구 고봉동 ,23262,1387,1523,2948,3013,3472,4594,3602,1651,883,185,4,12193,709,827,1692,1640,1875,2438,1886,784,315,25,2,11069,678,696,1256,1373,1597,2156,1716,867,568,160,2
2021,04,읍면동,경기도 고양시 일산동구 마두1동,24172,1398,3248,3720,2268,4124,4736,2672,1162,714,125,5,11642,715,1656,1869,1047,1838,2329,1409,501,247,30,1,12530,683,1592,1851,1221,2286,2407,1263,661,467,95,4
2021,04,읍면동,경기도 고양시 일산동구 마두2동,16496,1209,2177,2245,1585,2913,3100,1631,831,699,104,2,7820,618,1118,1131,698,1280,1517,830,340,250,37,1,8676,591,1059,1114,887,1633,1583,801,491,449,67,1
2021,04,읍면동,경기도 고양시 일산동구 백석1동,30739,2005,2701,4892,4533,4994,5714,3490,1494,804,107,5,14634,1013,1380,2406,2218,2309,2680,1693,608,302,23,2,16105,992,1321,2486,2315,2685,3034,1797,886,502,84,3
2021,04,읍면동,경기도 고양시 일산동구 백석2동,20953,892,1309,3478,3345,3697,3880,2399,1150,700,97,6,10095,437,681,1602,1632,1811,1981,1214,497,216,23,1,10858,455,628,1876,1713,1886,1899,1185,653,484,74,5
2021,04,읍면동,경기도 고양시 일산동구 식사동 ,36783,3626,4831,4978,4124,7246,6564,3210,1391,700,107,6,17898,1869,2487,2491,1846,3359,3302,1674,584,256,28,2,18885,1757,2344,2487,2278,3887,3262,1536,807,444,79,4
2021,04,읍면동,경기도 고양시 일산동구 장항1동,11372,1404,962,1263,1853,2081,1941,1208,448,175,36,1,5820,755,496,661,870,1058,1006,661,240,67,6,0,5552,649,466,602,983,1023,935,547,208,108,30,1
2021,04,읍면동,경기도 고양시 일산동구 장항2동,26971,1071,1564,5075,4820,4780,4859,2579,1262,845,109,7,13131,555,787,2341,2459,2326,2411,1361,513,339,35,4,13840,516,777,2734,2361,2454,2448,1218,749,506,74,3
2021,04,읍면동,경기도 고양시 일산동구 정발산동,23539,1238,2053,3949,2906,3556,4481,3052,1437,758,107,2,11361,651,1024,2051,1508,1637,2081,1471,642,268,27,1,12178,587,1029,1898,1398,1919,2400,1581,795,490,80,1
2021,04,읍면동,경기도 고양시 일산동구 중산동 ,47036,3338,4397,6818,5473,7292,9164,5900,2738,1622,289,5,22718,1687,2300,3587,2694,3462,4260,2914,1178,561,74,1,24318,1651,2097,3231,2779,3830,4904,2986,1560,1061,215,4
2021,04,읍면동,경기도 고양시 일산동구 풍산동 ,39084,3128,4439,5392,4705,6732,7038,4359,2031,1085,173,2,18835,1576,2290,2727,2274,3163,3360,2142,854,401,48,0,20249,1552,2149,2665,2431,3569,3678,2217,1177,684,125,2
2021,04,구,경기도 고양시 일산서구,300501,22078,33181,42303,36110,51153,55994,32861,15862,9509,1406,44,145841,11263,16885,21755,17663,23961,27254,16612,6648,3412,378,10,154660,10815,16296,20548,18447,27192,28740,16249,9214,6097,1028,34
2021,04,읍면동,경기도 고양시 일산서구 대화동 ,36370,2263,2993,6306,5315,5578,6802,4127,1834,991,153,8,17629,1151,1590,3046,2714,2645,3238,2060,803,338,41,3,18741,1112,1403,3260,2601,2933,3564,2067,1031,653,112,5
2021,04,읍면동,경기도 고양시 일산서구 송산동 ,51720,4500,6243,6689,5696,9651,9487,5495,2505,1257,192,5,25522,2287,3138,3512,2697,4636,4853,2780,1101,479,39,0,26198,2213,3105,3177,2999,5015,4634,2715,1404,778,153,5
2021,04,읍면동,경기도 고양시 일산서구 송포동 ,21791,1660,2257,3057,2859,3715,4032,2405,1120,605,78,3,10757,807,1157,1678,1368,1757,1993,1218,506,252,19,2,11034,853,1100,1379,1491,1958,2039,1187,614,353,59,1
2021,04,읍면동,경기도 고양시 일산서구 일산1동,27371,1927,2639,3936,3162,4230,5214,3383,1809,944,121,6,13236,975,1302,2041,1589,2002,2504,1657,769,363,34,0,14135,952,1337,1895,1573,2228,2710,1726,1040,581,87,6
2021,04,읍면동,경기도 고양시 일산서구 일산2동,18543,885,1463,2703,1929,2516,4151,2835,1252,703,102,4,9201,428,782,1421,982,1249,2050,1470,539,254,26,0,9342,457,681,1282,947,1267,2101,1365,713,449,76,4
2021,04,읍면동,경기도 고양시 일산서구 일산3동,35670,2576,5714,4733,3486,7043,6533,3233,1357,841,151,3,17330,1367,2912,2443,1698,3114,3180,1708,565,300,42,1,18340,1209,2802,2290,1788,3929,3353,1525,792,541,109,2
2021,04,읍면동,경기도 고양시 일산서구 주엽1동,28083,1811,3192,3771,3317,4586,5039,3205,1693,1292,169,8,13145,918,1599,1934,1563,2033,2344,1580,669,446,56,3,14938,893,1593,1837,1754,2553,2695,1625,1024,846,113,5
2021,04,읍면동,경기도 고양시 일산서구 주엽2동,29136,1960,3188,3764,3303,4742,5206,3331,1966,1454,217,5,13641,1021,1600,1896,1582,2161,2418,1651,758,485,68,1,15495,939,1588,1868,1721,2581,2788,1680,1208,969,149,4
2021,04,읍면동,경기도 고양시 일산서구 탄현동 ,51817,4496,5492,7344,7043,9092,9530,4847,2326,1422,223,2,25380,2309,2805,3784,3470,4364,4674,2488,938,495,53,0,26437,2187,2687,3560,3573,4728,4856,2359,1388,927,170,2
2021,04,시군,경기도 과천시 ,68955,5934,6736,9278,9691,10388,12021,8464,3967,2044,395,37,33846,3088,3477,4865,4855,5022,5790,4117,1777,749,97,9,35109,2846,3259,4413,4836,5366,6231,4347,2190,1295,298,28
2021,04,읍면동,경기도 과천시 갈현동 ,14962,1762,1801,1704,2009,2696,2398,1506,699,330,53,4,7264,916,901,865,910,1312,1183,742,288,130,17,0,7698,846,900,839,1099,1384,1215,764,411,200,36,4
2021,04,읍면동,경기도 과천시 과천동 ,9404,621,579,1290,1598,1395,1528,1398,677,277,41,0,4921,316,318,717,915,759,755,686,334,108,13,0,4483,305,261,573,683,636,773,712,343,169,28,0
2021,04,읍면동,경기도 과천시 문원동 ,7692,537,837,1018,935,1224,1340,935,570,239,46,11,3755,281,454,540,497,582,665,405,244,77,7,3,3937,256,383,478,438,642,675,530,326,162,39,8
2021,04,읍면동,경기도 과천시 별양동 ,10866,713,1123,1679,1308,1441,2076,1389,621,421,89,6,5185,370,574,851,644,655,981,664,269,149,25,3,5681,343,549,828,664,786,1095,725,352,272,64,3
2021,04,읍면동,경기도 과천시 부림동 ,15032,1494,1403,2010,2408,2182,2622,1684,739,399,88,3,7382,786,732,1052,1192,1045,1242,833,333,147,19,1,7650,708,671,958,1216,1137,1380,851,406,252,69,2
2021,04,읍면동,경기도 과천시 중앙동 ,10999,807,993,1577,1433,1450,2057,1552,661,378,78,13,5339,419,498,840,697,669,964,787,309,138,16,2,5660,388,495,737,736,781,1093,765,352,240,62,11
2021,04,시군,경기도 광명시 ,295690,22515,30115,37730,40448,50775,49310,38332,17764,7543,1105,53,145859,11528,15478,19723,20504,25055,24568,18224,7995,2529,244,11,149831,10987,14637,18007,19944,25720,24742,20108,9769,5014,861,42
2021,04,읍면동,경기도 광명시 광명1동,340,0,11,37,48,44,101,72,19,4,4,0,184,0,7,18,27,27,57,36,9,2,1,0,156,0,4,19,21,17,44,36,10,2,3,0
2021,04,읍면동,경기도 광명시 광명2동,3319,114,191,395,386,467,606,626,378,140,14,2,1672,70,93,219,220,249,311,286,168,47,9,0,1647,44,98,176,166,218,295,340,210,93,5,2
2021,04,읍면동,경기도 광명시 광명3동,9824,349,605,1298,1153,1368,1880,1780,973,372,43,3,4756,172,316,686,635,707,894,780,425,131,8,2,5068,177,289,612,518,661,986,1000,548,241,35,1
2021,04,읍면동,경기도 광명시 광명4동,13977,677,932,1865,1825,1969,2447,2475,1267,446,61,13,6840,334,462,970,986,993,1205,1164,557,153,13,3,7137,343,470,895,839,976,1242,1311,710,293,48,10
2021,04,읍면동,경기도 광명시 광명5동,14575,851,1274,1836,1798,2330,2474,2315,1158,479,60,0,7203,449,652,1016,947,1177,1191,1071,520,166,14,0,7372,402,622,820,851,1153,1283,1244,638,313,46,0
2021,04,읍면동,경기도 광명시 광명6동,10669,800,1156,1286,1243,1819,1787,1513,754,280,29,2,5264,375,604,669,630,888,894,733,364,101,6,0,5405,425,552,617,613,931,893,780,390,179,23,2
2021,04,읍면동,경기도 광명시 광명7동,18838,1216,1678,2517,2485,2913,3225,2883,1325,520,75,1,9307,591,848,1350,1303,1453,1552,1374,622,194,20,0,9531,625,830,1167,1182,1460,1673,1509,703,326,55,1
2021,04,읍면동,경기도 광명시 소하1동,31974,2953,4278,3716,3923,6122,4913,3722,1602,633,108,4,15625,1512,2186,1939,1847,2955,2445,1781,738,197,24,1,16349,1441,2092,1777,2076,3167,2468,1941,864,436,84,3
2021,04,읍면동,경기도 광명시 소하2동,50897,4656,5017,6952,8269,8698,8160,5620,2434,936,149,6,25572,2395,2563,3653,4191,4423,4153,2711,1137,311,33,2,25325,2261,2454,3299,4078,4275,4007,2909,1297,625,116,4
2021,04,읍면동,경기도 광명시 철산1동,11016,897,1392,1439,1467,2027,1810,1225,518,213,27,1,5437,460,727,749,731,951,895,603,240,75,6,0,5579,437,665,690,736,1076,915,622,278,138,21,1
2021,04,읍면동,경기도 광명시 철산2동,7728,297,504,1123,1051,1129,1605,1220,512,248,38,1,4059,146,269,595,605,600,869,646,225,95,9,0,3669,151,235,528,446,529,736,574,287,153,29,1
2021,04,읍면동,경기도 광명시 철산3동,33935,3000,4286,4289,3956,6320,5685,3983,1603,704,105,4,16637,1521,2229,2207,1861,2990,2830,1953,768,256,21,1,17298,1479,2057,2082,2095,3330,2855,2030,835,448,84,3
2021,04,읍면동,경기도 광명시 철산4동,13295,1011,1204,1653,2327,2298,2158,1610,768,241,22,3,6664,530,628,877,1172,1153,1101,760,359,80,2,2,6631,481,576,776,1155,1145,1057,850,409,161,20,1
2021,04,읍면동,경기도 광명시 하안1동,26210,2256,3196,3253,2946,4922,4486,3171,1331,543,100,6,13078,1170,1634,1723,1467,2409,2285,1565,634,170,21,0,13132,1086,1562,1530,1479,2513,2201,1606,697,373,79,6
2021,04,읍면동,경기도 광명시 하안2동,14025,987,1053,1729,2510,2398,2173,1724,849,522,78,2,6641,500,537,863,1318,1181,1027,714,341,143,17,0,7384,487,516,866,1192,1217,1146,1010,508,379,61,2
2021,04,읍면동,경기도 광명시 하안3동,20416,1446,1837,2468,2829,3436,3322,2617,1484,840,134,3,9624,782,936,1222,1403,1681,1606,1177,540,247,30,0,10792,664,901,1246,1426,1755,1716,1440,944,593,104,3
2021,04,읍면동,경기도 광명시 하안4동,12442,941,1413,1672,2008,2291,2046,1237,537,262,34,1,6036,488,731,848,1027,1079,991,562,216,89,5,0,6406,453,682,824,981,1212,1055,675,321,173,29,1
2021,04,읍면동,경기도 광명시 학온동 ,2210,64,88,202,224,224,432,539,252,160,24,1,1260,33,56,119,134,139,262,308,132,72,5,0,950,31,32,83,90,85,170,231,120,88,19,1
2021,04,시군,경기도 광주시 ,383794,34362,34124,45153,56776,67231,63956,49924,22333,8614,1267,54,196185,17654,17465,24011,29526,35506,32638,25019,10782,3296,277,11,187609,16708,16659,21142,27250,31725,31318,24905,11551,5318,990,43
2021,04,읍면동,경기도 광주시 경안동 ,24939,1946,2256,3360,3501,4068,4412,3195,1526,597,75,3,12863,1032,1161,1813,1847,2134,2350,1609,698,209,9,1,12076,914,1095,1547,1654,1934,2062,1586,828,388,66,2
2021,04,읍면동,경기도 광주시 곤지암읍,23153,1379,1835,2831,2790,3559,4569,3621,1649,818,99,3,12360,701,977,1582,1549,1930,2541,1936,807,311,25,1,10793,678,858,1249,1241,1629,2028,1685,842,507,74,2
2021,04,읍면동,경기도 광주시 광남1동,33522,2615,2688,4270,4796,5741,5922,4776,1970,644,97,3,17230,1359,1383,2289,2505,3082,2989,2387,976,242,18,0,16292,1256,1305,1981,2291,2659,2933,2389,994,402,79,3
2021,04,읍면동,경기도 광주시 광남2동,34078,5317,4005,3032,6044,7245,4100,2684,1202,386,61,2,16899,2662,2073,1539,2853,3667,2089,1254,594,158,10,0,17179,2655,1932,1493,3191,3578,2011,1430,608,228,51,2
2021,04,읍면동,경기도 광주시 남종면 ,1502,35,67,113,94,147,263,396,223,143,21,0,778,20,33,59,52,80,145,214,107,61,7,0,724,15,34,54,42,67,118,182,116,82,14,0
2021,04,읍면동,경기도 광주시 남한산성면,2581,145,196,178,216,357,479,516,300,163,30,1,1367,72,102,91,113,205,271,285,148,74,6,0,1214,73,94,87,103,152,208,231,152,89,24,1
2021,04,읍면동,경기도 광주시 도척면 ,9465,464,642,1008,1007,1336,1843,1824,832,437,67,5,5209,239,340,589,587,804,1036,1006,426,165,16,1,4256,225,302,419,420,532,807,818,406,272,51,4
2021,04,읍면동,경기도 광주시 송정동 ,22061,1621,2013,2813,2904,3740,3959,3089,1363,486,69,4,11106,797,979,1484,1551,1940,1978,1547,644,169,17,0,10955,824,1034,1329,1353,1800,1981,1542,719,317,52,4
2021,04,읍면동,경기도 광주시 쌍령동 ,18422,1951,1632,2387,2893,3186,3054,2145,862,266,43,3,9194,1009,791,1241,1456,1622,1475,1067,410,118,5,0,9228,942,841,1146,1437,1564,1579,1078,452,148,38,3
2021,04,읍면동,경기도 광주시 오포읍 ,112851,11067,8883,13418,19665,20355,17407,13421,6055,2215,347,18,57127,5747,4552,7040,10209,10831,8468,6486,2857,850,82,5,55724,5320,4331,6378,9456,9524,8939,6935,3198,1365,265,13
2021,04,읍면동,경기도 광주시 초월읍 ,46655,3710,5044,5529,6166,8211,7991,6033,2689,1117,161,4,24299,1941,2571,2967,3245,4363,4291,3169,1303,417,31,1,22356,1769,2473,2562,2921,3848,3700,2864,1386,700,130,3
2021,04,읍면동,경기도 광주시 탄벌동 ,39192,3026,3630,5025,5229,6819,7364,5218,2061,722,93,5,19924,1539,1837,2651,2800,3499,3667,2609,1014,284,24,0,19268,1487,1793,2374,2429,3320,3697,2609,1047,438,69,5
2021,04,읍면동,경기도 광주시 퇴촌면 ,15373,1086,1233,1189,1471,2467,2593,3006,1601,620,104,3,7829,536,666,666,759,1349,1338,1450,798,238,27,2,7544,550,567,523,712,1118,1255,1556,803,382,77,1
2021,04,시군,경기도 구리시 ,195324,14674,17799,26947,25635,32331,35364,25252,11629,4982,659,52,96900,7559,9199,13848,12915,16131,17427,12582,5204,1849,167,19,98424,7115,8600,13099,12720,16200,17937,12670,6425,3133,492,33
2021,04,읍면동,경기도 구리시 갈매동 ,31135,4484,2300,3281,5792,5845,4169,3362,1430,407,65,0,15439,2316,1145,1623,2795,3105,2014,1598,701,129,13,0,15696,2168,1155,1658,2997,2740,2155,1764,729,278,52,0
2021,04,읍면동,경기도 구리시 교문1동,16366,714,1069,2201,2012,2478,3199,2680,1315,588,83,27,8359,371,515,1150,1112,1337,1648,1363,608,220,24,11,8007,343,554,1051,900,1141,1551,1317,707,368,59,16
2021,04,읍면동,경기도 구리시 교문2동,22010,1534,2670,3030,2451,3785,3917,2780,1227,545,67,4,10691,771,1359,1572,1197,1746,1886,1360,565,218,16,1,11319,763,1311,1458,1254,2039,2031,1420,662,327,51,3
2021,04,읍면동,경기도 구리시 동구동 ,37888,2646,3903,5599,4529,6261,7225,4473,2098,1007,141,6,18701,1400,2079,2893,2285,2983,3457,2284,891,388,39,2,19187,1246,1824,2706,2244,3278,3768,2189,1207,619,102,4
2021,04,읍면동,경기도 구리시 수택1동,17304,707,1162,2680,2036,2475,3566,2833,1256,520,67,2,8633,381,606,1327,1095,1246,1789,1445,551,176,16,1,8671,326,556,1353,941,1229,1777,1388,705,344,51,1
2021,04,읍면동,경기도 구리시 수택2동,25598,1323,2093,3793,3181,3666,5041,3887,1727,783,98,6,12749,661,1109,2001,1628,1905,2493,1910,740,281,19,2,12849,662,984,1792,1553,1761,2548,1977,987,502,79,4
2021,04,읍면동,경기도 구리시 수택3동,21716,1549,2239,3034,2665,3899,3996,2485,1233,539,72,5,10948,789,1157,1617,1352,1903,2061,1284,553,213,18,1,10768,760,1082,1417,1313,1996,1935,1201,680,326,54,4
2021,04,읍면동,경기도 구리시 인창동 ,23307,1717,2363,3329,2969,3922,4251,2752,1343,593,66,2,11380,870,1229,1665,1451,1906,2079,1338,595,224,22,1,11927,847,1134,1664,1518,2016,2172,1414,748,369,44,1
2021,04,시군,경기도 군포시 ,271007,19818,26043,37777,37519,43680,47717,34409,15103,7703,1197,41,134427,10132,13467,19733,19470,21535,23300,16909,6813,2737,321,10,136580,9686,12576,18044,18049,22145,24417,17500,8290,4966,876,31
2021,04,읍면동,경기도 군포시 광정동 ,25231,1688,2706,3626,3213,4182,4442,2898,1381,921,166,8,12245,859,1415,1821,1607,1959,2239,1412,586,302,44,1,12986,829,1291,1805,1606,2223,2203,1486,795,619,122,7
2021,04,읍면동,경기도 군포시 군포1동,33403,1920,2603,5407,4576,4971,6500,4622,1888,780,131,5,17637,969,1364,3003,2609,2658,3400,2392,906,297,38,1,15766,951,1239,2404,1967,2313,3100,2230,982,483,93,4
2021,04,읍면동,경기도 군포시 군포2동,53278,4560,6087,7170,7037,9108,9275,6238,2505,1119,175,4,26421,2343,3129,3714,3583,4444,4454,3128,1188,393,43,2,26857,2217,2958,3456,3454,4664,4821,3110,1317,726,132,2
2021,04,읍면동,경기도 군포시 궁내동 ,20861,1821,3077,2526,2168,4065,3565,2023,923,608,82,3,10189,979,1547,1334,1034,1866,1784,995,408,211,31,0,10672,842,1530,1192,1134,2199,1781,1028,515,397,51,3
2021,04,읍면동,경기도 군포시 금정동 ,17361,831,1140,2765,2330,2481,3443,2777,1100,426,66,2,9048,441,598,1480,1324,1348,1784,1371,538,151,13,0,8313,390,542,1285,1006,1133,1659,1406,562,275,53,2
2021,04,읍면동,경기도 군포시 대야동 ,20601,2223,1756,2554,3649,3368,3266,2367,957,391,65,5,10340,1124,916,1274,1858,1752,1563,1218,474,141,17,3,10261,1099,840,1280,1791,1616,1703,1149,483,250,48,2
2021,04,읍면동,경기도 군포시 산본1동,15919,640,824,2480,2173,2054,2983,2707,1357,592,102,7,7977,333,442,1346,1235,1109,1406,1277,612,197,19,1,7942,307,382,1134,938,945,1577,1430,745,395,83,6
2021,04,읍면동,경기도 군포시 산본2동,26998,2180,2745,3654,3474,4390,4746,3627,1384,678,118,2,13077,1104,1421,1880,1683,2076,2202,1807,630,246,28,0,13921,1076,1324,1774,1791,2314,2544,1820,754,432,90,2
2021,04,읍면동,경기도 군포시 수리동 ,16583,1011,1583,2050,2103,2611,2945,2157,1197,819,104,3,7891,470,820,1051,1075,1254,1395,994,491,302,37,2,8692,541,763,999,1028,1357,1550,1163,706,517,67,1
2021,04,읍면동,경기도 군포시 오금동 ,21850,1816,2121,2812,3667,3720,3448,2394,1124,663,84,1,10616,921,1105,1462,1826,1781,1629,1132,469,265,26,0,11234,895,1016,1350,1841,1939,1819,1262,655,398,58,1
2021,04,읍면동,경기도 군포시 재궁동 ,18922,1128,1401,2733,3129,2730,3104,2599,1287,706,104,1,8986,589,710,1368,1636,1288,1444,1183,511,232,25,0,9936,539,691,1365,1493,1442,1660,1416,776,474,79,1
2021,04,시군,경기도 김포시 ,481719,55329,48622,53041,76664,90428,67795,51319,26081,10812,1578,50,241239,28162,24796,27346,37617,47020,34657,24983,12180,4095,372,11,240480,27167,23826,25695,39047,43408,33138,26336,13901,6717,1206,39
2021,04,읍면동,경기도 김포시 고촌읍 ,47304,6439,4519,4385,8681,9022,5982,5102,2199,831,136,8,23606,3357,2351,2192,4134,4688,2975,2447,1118,316,27,1,23698,3082,2168,2193,4547,4334,3007,2655,1081,515,109,7
2021,04,읍면동,경기도 김포시 구래동 ,43237,6498,3774,5606,10035,8361,4044,2996,1399,453,69,2,21533,3279,1856,2698,5027,4532,1964,1355,638,168,15,1,21704,3219,1918,2908,5008,3829,2080,1641,761,285,54,1
2021,04,읍면동,경기도 김포시 김포본동,61749,5990,6382,7856,8342,10798,10369,6827,3411,1570,199,5,30421,2997,3251,4177,4030,5305,5145,3372,1500,589,54,1,31328,2993,3131,3679,4312,5493,5224,3455,1911,981,145,4
2021,04,읍면동,경기도 김포시 대곶면 ,9784,326,521,912,854,1247,2140,2117,1053,525,88,1,5730,178,283,573,549,789,1366,1231,533,209,19,0,4054,148,238,339,305,458,774,886,520,316,69,1
2021,04,읍면동,경기도 김포시 마산동 ,34614,5418,3013,3081,7618,6769,3402,3017,1692,519,84,1,17124,2760,1510,1502,3781,3638,1624,1309,784,194,22,0,17490,2658,1503,1579,3837,3131,1778,1708,908,325,62,1
2021,04,읍면동,경기도 김포시 사우동 ,22812,1544,2080,3181,2813,3782,4222,2906,1507,681,90,6,11457,822,1095,1689,1466,1925,2103,1410,677,252,18,0,11355,722,985,1492,1347,1857,2119,1496,830,429,72,6
2021,04,읍면동,경기도 김포시 양촌읍 ,29067,2316,2510,2970,3870,4837,5004,4332,2150,922,152,4,15335,1157,1299,1622,2154,2734,2753,2230,1013,341,30,2,13732,1159,1211,1348,1716,2103,2251,2102,1137,581,122,2
2021,04,읍면동,경기도 김포시 운양동 ,49686,7516,5300,4602,9026,10939,5676,3912,1957,654,104,0,24313,3834,2714,2232,4095,5685,2799,1755,914,258,27,0,25373,3682,2586,2370,4931,5254,2877,2157,1043,396,77,0
2021,04,읍면동,경기도 김포시 월곶면 ,5512,143,240,526,401,597,1152,1304,705,365,76,3,3035,67,116,325,234,373,664,718,385,138,15,0,2477,76,124,201,167,224,488,586,320,227,61,3
2021,04,읍면동,경기도 김포시 장기동 ,41332,5619,5069,4000,6677,9109,4884,3377,1828,674,92,3,20260,2875,2463,2053,3150,4655,2458,1528,813,249,15,1,21072,2744,2606,1947,3527,4454,2426,1849,1015,425,77,2
2021,04,읍면동,경기도 김포시 장기본동,39130,4889,5514,3967,5542,8392,5091,3211,1766,664,92,2,19079,2433,2802,1996,2553,4136,2579,1478,814,262,25,1,20051,2456,2712,1971,2989,4256,2512,1733,952,402,67,1
2021,04,읍면동,경기도 김포시 통진읍 ,27215,1653,2284,3327,2946,4050,5221,4395,2117,1055,162,5,14564,852,1242,2015,1666,2257,2828,2326,961,370,45,2,12651,801,1042,1312,1280,1793,2393,2069,1156,685,117,3
2021,04,읍면동,경기도 김포시 풍무동 ,62120,6715,6972,7815,9203,11660,8942,6039,3262,1348,157,7,30332,3413,3568,3780,4389,5760,4442,2860,1540,540,38,2,31788,3302,3404,4035,4814,5900,4500,3179,1722,808,119,5
2021,04,읍면동,경기도 김포시 하성면 ,8157,263,444,813,656,865,1666,1784,1035,551,77,3,4450,138,246,492,389,543,957,964,490,209,22,0,3707,125,198,321,267,322,709,820,545,342,55,3
2021,04,시군,경기도 남양주시,721767,64690,77742,85727,89842,131232,118804,86377,45207,19294,2722,130,359354,33311,39893,44665,44347,65776,60689,42066,20653,7300,625,29,362413,31379,37849,41062,45495,65456,58115,44311,24554,11994,2097,101
2021,04,읍면동,경기도 남양주시 금곡동,18751,690,1173,2455,2070,2230,3853,3649,1639,856,131,5,9576,351,617,1371,1180,1185,1934,1846,767,296,28,1,9175,339,556,1084,890,1045,1919,1803,872,560,103,4
2021,04,읍면동,경기도 남양주시 다산1동 ,80444,10531,8467,9241,13390,15848,10604,7237,3513,1401,205,7,39530,5362,4237,4602,6383,8090,5249,3363,1693,516,34,1,40914,5169,4230,4639,7007,7758,5355,3874,1820,885,171,6
2021,04,읍면동,경기도 남양주시 다산2동 ,35993,4747,3782,3771,5646,7321,5177,3478,1418,560,90,3,17546,2421,1947,1893,2576,3688,2541,1604,650,205,20,1,18447,2326,1835,1878,3070,3633,2636,1874,768,355,70,2
2021,04,읍면동,경기도 남양주시 별내동,75227,8502,6961,9064,12116,13545,11112,8549,3715,1423,223,17,36596,4325,3435,4505,5843,6767,5307,4093,1784,491,42,4,38631,4177,3526,4559,6273,6778,5805,4456,1931,932,181,13
2021,04,읍면동,경기도 남양주시 별내면,19723,1198,1909,2528,1790,3229,3639,2791,1726,790,103,20,9855,616,1031,1268,930,1623,1893,1350,771,335,33,5,9868,582,878,1260,860,1606,1746,1441,955,455,70,15
2021,04,읍면동,경기도 남양주시 수동면,8969,338,533,808,741,1036,1783,1962,1117,518,126,7,4714,188,300,472,412,572,982,1025,550,190,21,2,4255,150,233,336,329,464,801,937,567,328,105,5
2021,04,읍면동,경기도 남양주시 양정동,4526,154,193,522,478,471,896,1077,482,226,24,3,2564,75,97,307,296,298,511,640,241,92,7,0,1962,79,96,215,182,173,385,437,241,134,17,3
2021,04,읍면동,경기도 남양주시 오남읍,53511,3874,6555,6738,5370,10076,9684,5928,3520,1569,193,4,26943,2018,3355,3613,2722,5022,5152,2893,1526,597,44,1,26568,1856,3200,3125,2648,5054,4532,3035,1994,972,149,3
2021,04,읍면동,경기도 남양주시 와부읍,61583,3918,7275,7738,5906,10832,11099,7799,4726,1990,288,12,30398,2048,3729,4110,2930,5131,5609,3744,2207,808,79,3,31185,1870,3546,3628,2976,5701,5490,4055,2519,1182,209,9
2021,04,읍면동,경기도 남양주시 조안면,4184,200,239,408,417,507,778,885,477,231,39,3,2170,102,116,230,219,266,426,464,241,97,6,3,2014,98,123,178,198,241,352,421,236,134,33,0
2021,04,읍면동,경기도 남양주시 진건읍,24007,983,1852,3235,2321,3253,5111,4159,1985,969,136,3,12469,551,933,1794,1271,1743,2700,2194,898,359,26,0,11538,432,919,1441,1050,1510,2411,1965,1087,610,110,3
2021,04,읍면동,경기도 남양주시 진접읍,92910,8062,11391,10638,10081,17254,15277,11308,5976,2595,316,12,46860,4196,5879,5626,5005,8662,8106,5630,2682,989,84,1,46050,3866,5512,5012,5076,8592,7171,5678,3294,1606,232,11
2021,04,읍면동,경기도 남양주시 퇴계원읍,29466,1702,2541,4033,3303,4231,5644,4674,2230,988,112,8,14707,843,1330,2148,1756,2123,2722,2354,1040,360,29,2,14759,859,1211,1885,1547,2108,2922,2320,1190,628,83,6
2021,04,읍면동,경기도 남양주시 평내동,36643,3224,4905,4596,4320,7307,5896,3503,1908,872,110,2,18031,1634,2522,2309,2127,3557,3028,1665,843,319,27,0,18612,1590,2383,2287,2193,3750,2868,1838,1065,553,83,2
2021,04,읍면동,경기도 남양주시 호평동,56844,6301,7156,6125,7494,11850,8266,5173,3090,1185,195,9,27728,3266,3681,3168,3515,5723,4199,2332,1336,462,45,1,29116,3035,3475,2957,3979,6127,4067,2841,1754,723,150,8
2021,04,읍면동,경기도 남양주시 화도읍,104133,8631,11480,12218,12223,19696,17671,12254,6848,2732,366,14,52149,4478,5986,6404,6093,9997,9149,5890,3027,1033,89,3,51984,4153,5494,5814,6130,9699,8522,6364,3821,1699,277,11
2021,04,읍면동,경기도 남양주시 화도읍동부출장소,14853,1635,1330,1609,2176,2546,2314,1951,837,389,65,1,7518,837,698,845,1089,1329,1181,979,397,151,11,1,7335,798,632,764,1087,1217,1133,972,440,238,54,0
2021,04,시군,경기도 동두천시,93289,6057,8511,11157,9993,14050,16338,13466,8617,4491,582,27,46610,3122,4285,6077,5186,7253,8627,6640,3620,1639,158,3,46679,2935,4226,5080,4807,6797,7711,6826,4997,2852,424,24
2021,04,읍면동,경기도 동두천시 보산동,2938,138,200,323,284,369,548,524,356,179,17,0,1427,61,91,195,149,190,266,274,140,57,4,0,1511,77,109,128,135,179,282,250,216,122,13,0
2021,04,읍면동,경기도 동두천시 불현동,27154,1841,2583,3453,2926,4081,4870,3798,2302,1153,143,4,13394,929,1294,1843,1490,2034,2505,1884,956,419,39,1,13760,912,1289,1610,1436,2047,2365,1914,1346,734,104,3
2021,04,읍면동,경기도 동두천시 상패동,5318,253,282,593,617,629,975,971,610,328,57,3,2836,143,141,334,366,364,557,522,279,117,12,1,2482,110,141,259,251,265,418,449,331,211,45,2
2021,04,읍면동,경기도 동두천시 생연1동 ,6853,478,579,745,764,922,1219,1115,635,360,35,1,3426,254,279,411,397,486,638,554,263,131,13,0,3427,224,300,334,367,436,581,561,372,229,22,1
2021,04,읍면동,경기도 동두천시 생연2동 ,11996,746,1236,1333,1189,1910,2028,1694,1147,647,65,1,5892,401,629,730,588,970,1065,785,457,250,17,0,6104,345,607,603,601,940,963,909,690,397,48,1
2021,04,읍면동,경기도 동두천시 소요동,8749,403,511,904,789,1140,1582,1667,1104,572,68,9,4556,207,270,528,434,658,866,848,525,201,19,0,4193,196,241,376,355,482,716,819,579,371,49,9
2021,04,읍면동,경기도 동두천시 송내동,25309,2057,2915,3317,3001,4452,4103,2620,1834,888,120,2,12471,1048,1474,1762,1523,2220,2141,1192,729,353,29,0,12838,1009,1441,1555,1478,2232,1962,1428,1105,535,91,2
2021,04,읍면동,경기도 동두천시 중앙동,4972,141,205,489,423,547,1013,1077,629,364,77,7,2608,79,107,274,239,331,589,581,271,111,25,1,2364,62,98,215,184,216,424,496,358,253,52,6
2021,04,시군,경기도 부천시 ,812158,55482,69159,115879,114038,127571,145892,113955,46738,20174,3122,148,402851,28545,35457,59790,58682,64362,70741,56139,21602,6782,712,39,409307,26937,33702,56089,55356,63209,75151,57816,25136,13392,2410,109
2021,04,읍면동,경기도 부천시 대산동 ,81355,4542,6257,11566,11085,12218,14547,12699,5684,2381,360,16,40311,2352,3232,6115,5920,6204,6940,6003,2595,872,74,4,41044,2190,3025,5451,5165,6014,7607,6696,3089,1509,286,12
2021,04,읍면동,경기도 부천시 범안동 ,95610,9470,9293,11253,14024,17353,14303,11933,5264,2308,386,23,46859,4857,4631,5795,6842,8847,6840,5712,2443,791,93,8,48751,4613,4662,5458,7182,8506,7463,6221,2821,1517,293,15
2021,04,읍면동,경기도 부천시 부천동 ,89537,5429,7099,12788,11900,13785,16393,13475,5859,2475,314,20,44781,2782,3696,6657,6200,7194,8083,6515,2691,868,89,6,44756,2647,3403,6131,5700,6591,8310,6960,3168,1607,225,14
2021,04,읍면동,경기도 부천시 상동,86069,7788,9769,12056,12453,15139,15224,9159,2934,1301,240,6,42308,3965,4992,6176,5984,7129,7381,4799,1412,415,52,3,43761,3823,4777,5880,6469,8010,7843,4360,1522,886,188,3
2021,04,읍면동,경기도 부천시 성곡동 ,83093,4358,6865,12466,9652,12290,16828,12338,5392,2544,350,10,41615,2208,3590,6568,5163,6252,8410,6172,2353,815,83,1,41478,2150,3275,5898,4489,6038,8418,6166,3039,1729,267,9
2021,04,읍면동,경기도 부천시 소사본동,56719,3713,4257,7790,8099,7824,10096,9216,3909,1571,229,15,28007,1911,2134,4070,4280,3912,4740,4462,1883,554,58,3,28712,1802,2123,3720,3819,3912,5356,4754,2026,1017,171,12
2021,04,읍면동,경기도 부천시 신중동 ,130604,9620,11161,19262,21359,20495,22551,17109,5882,2658,487,20,63115,4967,5638,9416,10569,9795,10412,8612,2750,853,98,5,67489,4653,5523,9846,10790,10700,12139,8497,3132,1805,389,15
2021,04,읍면동,경기도 부천시 심곡동 ,63663,2983,3826,10064,9348,9448,11563,9831,4588,1747,252,13,32352,1591,1953,5153,5141,5169,5816,4717,2155,612,43,2,31311,1392,1873,4911,4207,4279,5747,5114,2433,1135,209,11
2021,04,읍면동,경기도 부천시 오정동 ,83956,4872,6812,12588,10701,12713,16783,12166,4850,2148,309,14,42955,2514,3602,6754,5803,6752,8465,6159,2167,667,69,3,41001,2358,3210,5834,4898,5961,8318,6007,2683,1481,240,11
2021,04,읍면동,경기도 부천시 중동,41552,2707,3820,6046,5417,6306,7604,6029,2376,1041,195,11,20548,1398,1989,3086,2780,3108,3654,2988,1153,335,53,4,21004,1309,1831,2960,2637,3198,3950,3041,1223,706,142,7
2021,04,시군,경기도 성남시 ,932867,67266,86510,130689,135421,155085,154722,116031,57641,25187,4118,197,462086,34397,44356,67012,68933,76514,77390,56787,26239,9399,1013,46,470781,32869,42154,63677,66488,78571,77332,59244,31402,15788,3105,151
2021,04,구,경기도 성남시 분당구 ,479217,38826,53006,64870,68825,85466,76498,50732,25458,13057,2402,77,232361,19914,27149,32633,33243,39747,37642,24760,11540,5054,661,18,246856,18912,25857,32237,35582,45719,38856,25972,13918,8003,1741,59
2021,04,읍면동,경기도 성남시 분당구 구미1동 ,17680,1314,1660,2715,2745,2917,2936,1877,936,481,97,2,8560,692,810,1314,1360,1387,1421,928,425,194,29,0,9120,622,850,1401,1385,1530,1515,949,511,287,68,2
2021,04,읍면동,경기도 성남시 분당구 구미동,31307,2201,2692,4495,4486,4938,5209,3644,2098,1248,288,8,15028,1081,1410,2285,2186,2285,2484,1810,916,472,98,1,16279,1120,1282,2210,2300,2653,2725,1834,1182,776,190,7
2021,04,읍면동,경기도 성남시 분당구 금곡동,28607,1907,2325,4008,4616,4336,4539,3601,1994,1076,203,2,13464,962,1161,1964,2222,2013,2129,1703,856,398,56,0,15143,945,1164,2044,2394,2323,2410,1898,1138,678,147,2
2021,04,읍면동,경기도 성남시 분당구 백현동,27554,2812,3074,3807,3712,4683,4820,2881,1205,475,84,1,13283,1446,1593,1885,1714,2210,2291,1403,567,150,24,0,14271,1366,1481,1922,1998,2473,2529,1478,638,325,60,1
2021,04,읍면동,경기도 성남시 분당구 분당동,26219,1956,2923,3690,3568,4572,4239,2973,1433,728,132,5,12900,1009,1528,1923,1798,2112,2054,1446,686,305,37,2,13319,947,1395,1767,1770,2460,2185,1527,747,423,95,3
2021,04,읍면동,경기도 성남시 분당구 삼평동,24827,2653,3058,3042,3555,4648,3996,2403,973,420,76,3,12100,1389,1534,1529,1614,2255,2005,1148,452,157,16,1,12727,1264,1524,1513,1941,2393,1991,1255,521,263,60,2
2021,04,읍면동,경기도 성남시 분당구 서현1동 ,32241,2436,4301,4541,4210,6255,5062,2833,1557,885,158,3,15584,1247,2191,2241,2034,2849,2543,1378,688,370,42,1,16657,1189,2110,2300,2176,3406,2519,1455,869,515,116,2
2021,04,읍면동,경기도 성남시 분당구 서현2동 ,18615,1407,2271,2726,2370,3209,3306,1976,825,445,79,1,9190,733,1188,1454,1190,1436,1627,986,394,166,16,0,9425,674,1083,1272,1180,1773,1679,990,431,279,63,1
2021,04,읍면동,경기도 성남시 분당구 수내1동 ,17954,1245,2195,2439,2422,3682,2889,1398,922,658,101,3,8559,646,1148,1173,1128,1633,1490,678,380,248,35,0,9395,599,1047,1266,1294,2049,1399,720,542,410,66,3
2021,04,읍면동,경기도 성남시 분당구 수내2동 ,10534,1153,1948,949,851,2590,1492,772,469,263,45,2,5108,555,977,507,351,1174,835,378,209,109,11,2,5426,598,971,442,500,1416,657,394,260,154,34,0
2021,04,읍면동,경기도 성남시 분당구 수내3동 ,14027,1026,2408,1861,1537,3150,2149,1127,490,241,37,1,6963,523,1261,965,775,1449,1122,547,222,87,12,0,7064,503,1147,896,762,1701,1027,580,268,154,25,1
2021,04,읍면동,경기도 성남시 분당구 야탑1동 ,17516,1278,1281,2713,2829,2710,2676,2314,1147,469,94,5,8667,644,674,1397,1425,1352,1260,1152,545,191,26,1,8849,634,607,1316,1404,1358,1416,1162,602,278,68,4
2021,04,읍면동,경기도 성남시 분당구 야탑2동 ,16689,1252,1774,2116,2064,2740,2583,2276,1177,602,102,3,7957,609,916,1036,966,1235,1251,1120,546,251,27,0,8732,643,858,1080,1098,1505,1332,1156,631,351,75,3
2021,04,읍면동,경기도 성남시 분당구 야탑3동 ,28966,2166,2025,4101,5293,4310,4526,3856,1737,795,146,11,14261,1129,1008,2121,2814,2180,2111,1842,782,245,29,0,14705,1037,1017,1980,2479,2130,2415,2014,955,550,117,11
2021,04,읍면동,경기도 성남시 분당구 운중동,21557,2169,2389,2426,3106,4053,3517,2502,943,384,66,2,10514,1122,1208,1225,1392,1956,1741,1245,472,139,14,0,11043,1047,1181,1201,1714,2097,1776,1257,471,245,52,2
2021,04,읍면동,경기도 성남시 분당구 이매1동 ,25795,2244,3123,3324,3553,4563,4175,2673,1371,624,140,5,12571,1174,1567,1718,1714,2099,2079,1316,622,243,37,2,13224,1070,1556,1606,1839,2464,2096,1357,749,381,103,3
2021,04,읍면동,경기도 성남시 분당구 이매2동 ,13544,997,1828,1766,1302,2327,2404,1653,791,399,76,1,6626,518,981,910,589,1023,1192,846,380,169,17,1,6918,479,847,856,713,1304,1212,807,411,230,59,0
2021,04,읍면동,경기도 성남시 분당구 정자1동 ,30934,2024,3299,4694,4928,5903,4837,2561,1656,907,117,8,14586,1026,1610,2141,2279,2591,2446,1247,775,421,46,4,16348,998,1689,2553,2649,3312,2391,1314,881,486,71,4
2021,04,읍면동,경기도 성남시 분당구 정자2동 ,15791,902,1355,2029,2908,2620,2357,1791,1045,654,126,4,7473,495,728,1021,1454,1190,1122,853,401,179,29,1,8318,407,627,1008,1454,1430,1235,938,644,475,97,3
2021,04,읍면동,경기도 성남시 분당구 정자3동 ,15459,1316,1749,1998,2291,2803,2408,1468,794,522,109,1,7482,677,919,1030,1105,1304,1181,694,324,217,30,1,7977,639,830,968,1186,1499,1227,774,470,305,79,0
2021,04,읍면동,경기도 성남시 분당구 정자동,19661,1423,1916,3101,3426,3209,2938,2134,1023,417,70,4,9835,728,961,1647,1797,1528,1448,1036,481,190,18,1,9826,695,955,1454,1629,1681,1490,1098,542,227,52,3
2021,04,읍면동,경기도 성남시 분당구 판교동,23740,2945,3412,2329,3053,5248,3440,2019,872,364,56,2,11650,1509,1776,1147,1336,2486,1810,1004,417,153,12,0,12090,1436,1636,1182,1717,2762,1630,1015,455,211,44,2
2021,04,구,경기도 성남시 수정구 ,238336,15358,17180,34842,35391,36958,40467,33903,16935,6354,889,59,120625,7774,8787,18328,18913,19556,20608,16438,7705,2305,194,17,117711,7584,8393,16514,16478,17402,19859,17465,9230,4049,695,42
2021,04,읍면동,경기도 성남시 수정구 고등동,8741,732,514,1384,1910,1100,1318,1060,519,175,28,1,4320,392,255,658,990,550,659,515,245,49,7,0,4421,340,259,726,920,550,659,545,274,126,21,1
2021,04,읍면동,경기도 성남시 수정구 단대동,15807,1042,1286,2154,2209,2434,2731,2194,1198,482,70,7,7827,536,678,1138,1142,1258,1329,1020,522,186,14,4,7980,506,608,1016,1067,1176,1402,1174,676,296,56,3
2021,04,읍면동,경기도 성남시 수정구 복정동,11109,704,486,2268,2577,1994,1383,1058,470,130,37,2,6132,363,250,1218,1531,1205,755,516,237,52,5,0,4977,341,236,1050,1046,789,628,542,233,78,32,2
2021,04,읍면동,경기도 성남시 수정구 산성동,7652,376,633,923,961,1282,1286,1188,725,248,28,2,3946,200,335,522,542,705,652,554,326,105,5,0,3706,176,298,401,419,577,634,634,399,143,23,2
2021,04,읍면동,경기도 성남시 수정구 수진1동 ,12572,372,654,1793,1463,1740,2544,2270,1229,439,60,8,6548,188,359,985,854,966,1390,1104,541,149,11,1,6024,184,295,808,609,774,1154,1166,688,290,49,7
2021,04,읍면동,경기도 성남시 수정구 수진2동 ,16010,778,1068,2353,2087,2262,2850,2633,1436,480,56,7,8038,375,561,1212,1141,1180,1422,1263,665,202,14,3,7972,403,507,1141,946,1082,1428,1370,771,278,42,4
2021,04,읍면동,경기도 성남시 수정구 시흥동,3128,160,148,506,512,423,465,532,273,93,13,3,1670,82,85,293,299,228,235,269,137,39,3,0,1458,78,63,213,213,195,230,263,136,54,10,3
2021,04,읍면동,경기도 성남시 수정구 신촌동,4753,499,448,738,882,754,613,507,215,81,16,0,2546,260,251,470,480,400,308,243,104,26,4,0,2207,239,197,268,402,354,305,264,111,55,12,0
2021,04,읍면동,경기도 성남시 수정구 신흥1동 ,13349,480,716,2007,1789,1988,2507,2255,1112,438,54,3,7032,244,378,1085,1051,1156,1393,1090,483,138,13,1,6317,236,338,922,738,832,1114,1165,629,300,41,2
2021,04,읍면동,경기도 성남시 수정구 신흥2동 ,20289,1788,1612,2649,3354,3095,3472,2777,1125,356,56,5,9943,877,799,1329,1701,1529,1647,1344,568,129,18,2,10346,911,813,1320,1653,1566,1825,1433,557,227,38,3
2021,04,읍면동,경기도 성남시 수정구 신흥3동 ,11268,427,629,1749,1540,1692,2156,1758,954,320,41,2,5873,206,337,914,887,941,1163,865,429,121,9,1,5395,221,292,835,653,751,993,893,525,199,32,1
2021,04,읍면동,경기도 성남시 수정구 양지동,9935,558,920,1361,1099,1645,1731,1449,828,301,42,1,4913,283,474,685,573,840,877,690,363,118,9,1,5022,275,446,676,526,805,854,759,465,183,33,0
2021,04,읍면동,경기도 성남시 수정구 위례동,45770,4923,4173,5594,7350,8100,7055,5463,2075,883,148,6,22383,2502,2043,2795,3482,4113,3414,2705,1007,288,32,2,23387,2421,2130,2799,3868,3987,3641,2758,1068,595,116,4
2021,04,읍면동,경기도 성남시 수정구 태평1동 ,15544,512,742,2838,2163,2130,2686,2467,1402,540,61,3,7973,269,377,1467,1209,1210,1401,1208,616,199,17,0,7571,243,365,1371,954,920,1285,1259,786,341,44,3
2021,04,읍면동,경기도 성남시 수정구 태평2동 ,15555,730,1065,2517,2142,2256,2767,2270,1228,506,68,6,7818,350,564,1331,1179,1181,1421,1069,537,175,10,1,7737,380,501,1186,963,1075,1346,1201,691,331,58,5
2021,04,읍면동,경기도 성남시 수정구 태평3동 ,13458,603,919,1940,1723,1966,2543,2176,1092,432,62,2,6892,310,451,1101,944,1039,1326,1087,464,154,15,1,6566,293,468,839,779,927,1217,1089,628,278,47,1
2021,04,읍면동,경기도 성남시 수정구 태평4동 ,13396,674,1167,2068,1630,2097,2360,1846,1054,450,49,1,6771,337,590,1125,908,1055,1216,896,461,175,8,0,6625,337,577,943,722,1042,1144,950,593,275,41,1
2021,04,구,경기도 성남시 중원구 ,215314,13082,16324,30977,31205,32661,37757,31396,15248,5776,827,61,109100,6709,8420,16051,16777,17211,19140,15589,6994,2040,158,11,106214,6373,7904,14926,14428,15450,18617,15807,8254,3736,669,50
2021,04,읍면동,경기도 성남시 중원구 금광1동 ,6889,406,429,934,1089,1009,1189,1103,481,192,24,33,3535,204,220,476,597,546,604,572,227,79,5,5,3354,202,209,458,492,463,585,531,254,113,19,28
2021,04,읍면동,경기도 성남시 중원구 금광2동 ,25692,1377,2007,3880,3735,3860,4394,3787,1854,705,89,4,12602,678,981,1881,1931,1975,2194,1817,861,265,19,0,13090,699,1026,1999,1804,1885,2200,1970,993,440,70,4
2021,04,읍면동,경기도 성남시 중원구 도촌동,27743,2828,2845,3288,4261,4982,4186,3252,1422,569,108,2,13477,1458,1473,1663,2056,2448,1960,1533,674,194,17,1,14266,1370,1372,1625,2205,2534,2226,1719,748,375,91,1
2021,04,읍면동,경기도 성남시 중원구 상대원1동,25685,1630,1789,3426,4004,3930,4560,3826,1773,656,89,2,13296,855,920,1859,2227,2165,2317,1890,816,227,19,1,12389,775,869,1567,1777,1765,2243,1936,957,429,70,1
2021,04,읍면동,경기도 성남시 중원구 상대원2동,13487,514,933,1722,1599,1917,2847,2352,1128,411,58,6,7031,264,468,936,905,1066,1551,1176,534,119,10,2,6456,250,465,786,694,851,1296,1176,594,292,48,4
2021,04,읍면동,경기도 성남시 중원구 상대원3동,12402,553,868,1776,1549,1770,2494,2019,964,352,56,1,6502,280,476,964,903,963,1301,1038,462,106,9,0,5900,273,392,812,646,807,1193,981,502,246,47,1
2021,04,읍면동,경기도 성남시 중원구 성남동,33880,1571,1919,5893,5834,4818,5494,4730,2513,955,145,8,17560,787,970,2990,3348,2684,2831,2376,1178,359,35,2,16320,784,949,2903,2486,2134,2663,2354,1335,596,110,6
2021,04,읍면동,경기도 성남시 중원구 은행1동 ,10537,647,999,1806,1373,1593,1755,1325,722,287,30,0,5160,352,481,886,688,794,877,643,335,100,4,0,5377,295,518,920,685,799,878,682,387,187,26,0
2021,04,읍면동,경기도 성남시 중원구 은행2동 ,24231,1275,1932,3634,3018,3595,4401,3492,2003,786,92,3,12047,681,1018,1915,1644,1800,2195,1663,815,298,18,0,12184,594,914,1719,1374,1795,2206,1829,1188,488,74,3
2021,04,읍면동,경기도 성남시 중원구 중앙동,13721,861,851,1551,1854,2149,2557,2309,1146,390,52,1,7282,452,454,849,965,1216,1452,1226,514,142,12,0,6439,409,397,702,889,933,1105,1083,632,248,40,1
2021,04,읍면동,경기도 성남시 중원구 하대원동 ,21047,1420,1752,3067,2889,3038,3880,3201,1242,473,84,1,10608,698,959,1632,1513,1554,1858,1655,578,151,10,0,10439,722,793,1435,1376,1484,2022,1546,664,322,74,1
2021,04,읍면동,경기도 송탄출장소 ,0,0,0,0,0,0,0,0,0,0,0,0,0,0,0,0,0,0,0,0,0,0,0,0,0,0,0,0,0,0,0,0,0,0,0,0
2021,04,시군,경기도 수원시 ,1185532,94805,117430,186516,177506,201444,196348,125117,56593,25609,3965,199,597136,48905,60760,98254,92457,101582,98028,61817,25359,9032,895,47,588396,45900,56670,88262,85049,99862,98320,63300,31234,16577,3070,152
2021,04,구,경기도 수원시 권선구 ,365778,31392,33028,53874,56995,61108,61656,41424,17435,7660,1154,52,184768,16171,17157,28193,29841,31635,30412,20456,7990,2648,252,13,181010,15221,15871,25681,27154,29473,31244,20968,9445,5012,902,39
2021,04,읍면동,경기도 수원시 권선구 곡선동,27368,1617,2205,5309,5232,4863,4630,2240,763,426,80,3,14737,834,1125,2824,3022,2747,2479,1206,338,147,15,0,12631,783,1080,2485,2210,2116,2151,1034,425,279,65,3
2021,04,읍면동,경기도 수원시 권선구 구운동,24525,1369,2027,3893,3221,3638,4772,3420,1426,659,97,3,12368,682,1031,2065,1730,1892,2357,1696,675,217,23,0,12157,687,996,1828,1491,1746,2415,1724,751,442,74,3
2021,04,읍면동,경기도 수원시 권선구 권선1동 ,24835,1276,1695,5082,4462,3676,4136,2881,1097,460,67,3,12690,660,899,2561,2416,1913,2093,1473,509,151,14,1,12145,616,796,2521,2046,1763,2043,1408,588,309,53,2
2021,04,읍면동,경기도 수원시 권선구 권선2동 ,48989,5492,5386,6586,7743,8960,7902,4656,1517,635,105,7,24081,2872,2800,3436,3716,4328,3707,2271,712,218,18,3,24908,2620,2586,3150,4027,4632,4195,2385,805,417,87,4
2021,04,읍면동,경기도 수원시 권선구 금곡동,45622,4817,4944,6150,6525,8127,7639,4409,1939,926,143,3,22548,2467,2613,3156,3237,4045,3695,2151,833,313,38,0,23074,2350,2331,2994,3288,4082,3944,2258,1106,613,105,3
2021,04,읍면동,경기도 수원시 권선구 서둔동,37743,2332,3136,5771,5222,5968,6685,5127,2406,953,138,5,19230,1171,1653,3071,2887,3168,3358,2486,1081,327,26,2,18513,1161,1483,2700,2335,2800,3327,2641,1325,626,112,3
2021,04,읍면동,경기도 수원시 권선구 세류1동 ,10246,836,601,1496,1679,1454,1859,1319,667,289,45,1,5141,429,323,769,899,767,893,635,307,110,9,0,5105,407,278,727,780,687,966,684,360,179,36,1
2021,04,읍면동,경기도 수원시 권선구 세류2동 ,23574,1127,1580,3590,3526,3654,4225,3444,1623,691,103,11,12176,581,831,1906,2042,1961,2151,1638,760,269,33,4,11398,546,749,1684,1484,1693,2074,1806,863,422,70,7
2021,04,읍면동,경기도 수원시 권선구 세류3동 ,19091,912,1523,2701,2542,3016,3386,2878,1470,577,82,4,9628,428,809,1442,1405,1570,1667,1398,676,213,19,1,9463,484,714,1259,1137,1446,1719,1480,794,364,63,3
2021,04,읍면동,경기도 수원시 권선구 입북동,16733,1643,1790,2021,2228,3135,2912,1864,755,340,44,1,8477,847,922,1071,1141,1603,1461,940,361,118,13,0,8256,796,868,950,1087,1532,1451,924,394,222,31,1
2021,04,읍면동,경기도 수원시 권선구 평동 ,40622,3065,3508,6263,5677,6079,7453,5228,2176,1000,165,8,20587,1597,1827,3396,2966,3126,3646,2635,1019,349,25,1,20035,1468,1681,2867,2711,2953,3807,2593,1157,651,140,7
2021,04,읍면동,경기도 수원시 권선구 호매실동 ,46430,6906,4633,5012,8938,8538,6057,3958,1596,704,85,3,23105,3603,2324,2496,4380,4515,2905,1927,719,216,19,1,23325,3303,2309,2516,4558,4023,3152,2031,877,488,66,2
2021,04,구,경기도 수원시 영통구 ,366207,35443,41894,58695,61771,67847,54840,28269,11396,5161,850,41,183626,18402,21500,30479,31329,33370,27440,14144,5040,1748,166,8,182581,17041,20394,28216,30442,34477,27400,14125,6356,3413,684,33
2021,04,읍면동,경기도 수원시 영통구 광교1동 ,52998,5484,6826,8434,9426,10638,7300,3145,1187,467,89,2,25948,2893,3399,3830,4478,5139,3808,1656,558,165,22,0,27050,2591,3427,4604,4948,5499,3492,1489,629,302,67,2
2021,04,읍면동,경기도 수원시 영통구 광교2동 ,29309,3422,3064,3192,5327,5629,4190,2761,1166,480,73,5,14153,1761,1569,1554,2540,2806,1944,1265,537,162,14,1,15156,1661,1495,1638,2787,2823,2246,1496,629,318,59,4
2021,04,읍면동,경기도 수원시 영통구 망포1동 ,31250,3392,4022,4484,4877,5777,5169,2299,815,349,64,2,15763,1767,2046,2433,2391,2830,2587,1233,353,113,10,0,15487,1625,1976,2051,2486,2947,2582,1066,462,236,54,2
2021,04,읍면동,경기도 수원시 영통구 망포2동 ,28023,4263,3238,3327,5483,5579,3680,1615,544,253,38,3,13983,2239,1672,1634,2618,2816,1848,819,249,81,7,0,14040,2024,1566,1693,2865,2763,1832,796,295,172,31,3
2021,04,읍면동,경기도 수원시 영통구 매탄1동 ,18015,1092,1833,3079,2362,2907,3278,2144,911,340,65,4,9052,552,939,1692,1255,1396,1633,1027,431,116,10,1,8963,540,894,1387,1107,1511,1645,1117,480,224,55,3
2021,04,읍면동,경기도 수원시 영통구 매탄2동 ,14935,850,1501,2464,1900,2377,2742,1835,836,358,67,5,7411,458,790,1237,1018,1174,1316,910,376,118,13,1,7524,392,711,1227,882,1203,1426,925,460,240,54,4
2021,04,읍면동,경기도 수원시 영통구 매탄3동 ,36154,2768,4352,6450,5512,6756,5619,2854,1180,579,80,4,18666,1429,2231,3569,3027,3374,2867,1429,544,184,12,0,17488,1339,2121,2881,2485,3382,2752,1425,636,395,68,4
2021,04,읍면동,경기도 수원시 영통구 매탄4동 ,21884,1302,2228,3756,3189,3677,3779,2389,1002,487,72,3,10708,694,1132,1992,1666,1714,1796,1119,429,149,16,1,11176,608,1096,1764,1523,1963,1983,1270,573,338,56,2
2021,04,읍면동,경기도 수원시 영통구 영통1동 ,35440,3485,4750,4886,5369,6981,5727,2544,1056,556,79,7,17438,1790,2450,2504,2615,3310,2817,1299,417,214,19,3,18002,1695,2300,2382,2754,3671,2910,1245,639,342,60,4
2021,04,읍면동,경기도 수원시 영통구 영통2동 ,26394,2517,2135,5522,6674,4193,3180,1262,575,288,45,3,13997,1292,1105,3137,3736,2159,1602,630,220,104,11,1,12397,1225,1030,2385,2938,2034,1578,632,355,184,34,2
2021,04,읍면동,경기도 수원시 영통구 영통3동 ,32916,2550,4307,6597,4412,6031,5391,2284,813,449,81,1,16810,1291,2262,3543,2329,2840,2766,1258,346,162,13,0,16106,1259,2045,3054,2083,3191,2625,1026,467,287,68,1
2021,04,읍면동,경기도 수원시 영통구 원천동,38889,4318,3638,6504,7240,7302,4785,3137,1311,555,97,2,19697,2236,1905,3354,3656,3812,2456,1499,580,180,19,0,19192,2082,1733,3150,3584,3490,2329,1638,731,375,78,2
2021,04,구,경기도 수원시 장안구 ,271170,17609,28305,43729,32149,44353,48647,31703,15698,7661,1255,61,136718,9071,14853,23968,16850,21996,24322,15626,6931,2780,307,14,134452,8538,13452,19761,15299,22357,24325,16077,8767,4881,948,47
2021,04,읍면동,경기도 수원시 장안구 송죽동,19610,1118,1732,2981,2593,3060,3645,2635,1207,544,88,7,9724,561,945,1500,1365,1548,1776,1278,531,196,22,2,9886,557,787,1481,1228,1512,1869,1357,676,348,66,5
2021,04,읍면동,경기도 수원시 장안구 연무동,16115,687,1042,2632,1813,2120,2725,2636,1546,753,142,19,8306,353,551,1512,1071,1183,1419,1214,698,273,30,2,7809,334,491,1120,742,937,1306,1422,848,480,112,17
2021,04,읍면동,경기도 수원시 장안구 영화동,20023,826,1183,2666,2416,2882,3902,3560,1772,703,106,7,10249,432,609,1385,1367,1580,1988,1751,825,290,20,2,9774,394,574,1281,1049,1302,1914,1809,947,413,86,5
2021,04,읍면동,경기도 수원시 장안구 율천동,43236,3033,4406,10286,5738,6396,6715,3904,1708,901,142,7,22951,1547,2398,6333,3051,3202,3356,1970,740,312,41,1,20285,1486,2008,3953,2687,3194,3359,1934,968,589,101,6
2021,04,읍면동,경기도 수원시 장안구 정자1동 ,29434,2430,3465,4055,3422,5294,5301,3104,1503,735,121,4,14528,1245,1862,2168,1694,2521,2608,1487,658,259,25,1,14906,1185,1603,1887,1728,2773,2693,1617,845,476,96,3
2021,04,읍면동,경기도 수원시 장안구 정자2동 ,29682,1859,3112,4315,3608,4970,5320,3497,1956,906,135,4,14551,931,1596,2208,1879,2430,2632,1657,831,356,30,1,15131,928,1516,2107,1729,2540,2688,1840,1125,550,105,3
2021,04,읍면동,경기도 수원시 장안구 정자3동 ,42278,3517,6805,6226,4365,8798,7503,2919,1338,697,108,2,21134,1868,3509,3219,2129,4114,3916,1546,564,249,20,0,21144,1649,3296,3007,2236,4684,3587,1373,774,448,88,2
2021,04,읍면동,경기도 수원시 장안구 조원1동 ,28408,1443,2715,4283,3217,4366,5389,3877,1980,973,165,0,14333,755,1421,2282,1763,2232,2687,1921,891,330,51,0,14075,688,1294,2001,1454,2134,2702,1956,1089,643,114,0
2021,04,읍면동,경기도 수원시 장안구 조원2동 ,18925,1374,2031,2897,2002,2840,3815,2142,1012,678,131,3,9117,698,1020,1500,960,1317,1754,1111,453,260,41,3,9808,676,1011,1397,1042,1523,2061,1031,559,418,90,0
2021,04,읍면동,경기도 수원시 장안구 파장동,23459,1322,1814,3388,2975,3627,4332,3429,1676,771,117,8,11825,681,942,1861,1571,1869,2186,1691,740,255,27,2,11634,641,872,1527,1404,1758,2146,1738,936,516,90,6
2021,04,구,경기도 수원시 팔달구 ,182377,10361,14203,30218,26591,28136,31205,23721,12064,5127,706,45,92024,5261,7250,15614,14437,14581,15854,11591,5398,1856,170,12,90353,5100,6953,14604,12154,13555,15351,12130,6666,3271,536,33
2021,04,읍면동,경기도 수원시 팔달구 고등동,18603,1542,1313,2583,3153,2801,3021,2365,1298,466,58,3,9409,795,628,1300,1729,1504,1522,1126,602,192,11,0,9194,747,685,1283,1424,1297,1499,1239,696,274,47,3
2021,04,읍면동,경기도 수원시 팔달구 매교동,5932,239,314,885,928,844,1071,916,486,223,23,3,3130,120,169,479,503,491,597,453,225,83,9,1,2802,119,145,406,425,353,474,463,261,140,14,2
2021,04,읍면동,경기도 수원시 팔달구 매산동,10494,421,476,1799,1667,1427,1908,1608,797,330,54,7,5618,221,240,988,946,821,1029,845,378,126,21,3,4876,200,236,811,721,606,879,763,419,204,33,4
2021,04,읍면동,경기도 수원시 팔달구 우만1동 ,20324,872,1360,3235,2878,2955,3616,3015,1633,672,81,7,10138,456,708,1726,1613,1568,1787,1361,682,220,16,1,10186,416,652,1509,1265,1387,1829,1654,951,452,65,6
2021,04,읍면동,경기도 수원시 팔달구 우만2동 ,17081,1140,1773,3618,2205,2699,2680,1775,782,352,56,1,8571,560,977,1983,1148,1298,1295,844,330,125,11,0,8510,580,796,1635,1057,1401,1385,931,452,227,45,1
2021,04,읍면동,경기도 수원시 팔달구 인계동,39192,2085,2838,8023,7294,6316,5762,4127,1836,795,110,6,19830,1045,1425,3954,4053,3268,2933,2022,837,272,20,1,19362,1040,1413,4069,3241,3048,2829,2105,999,523,90,5
2021,04,읍면동,경기도 수원시 팔달구 지동 ,11071,392,690,1354,1158,1582,2044,2075,1189,517,67,3,5629,209,365,742,638,869,1095,1002,515,180,13,1,5442,183,325,612,520,713,949,1073,674,337,54,2
2021,04,읍면동,경기도 수원시 팔달구 행궁동,10671,261,460,1492,1313,1428,2037,1987,1136,467,86,4,5707,132,247,724,776,862,1188,1038,525,188,26,1,4964,129,213,768,537,566,849,949,611,279,60,3
2021,04,읍면동,경기도 수원시 팔달구 화서1동 ,22600,1466,2071,3145,2571,3682,4020,3149,1714,693,84,5,11001,724,1026,1600,1332,1815,1946,1509,760,264,23,2,11599,742,1045,1545,1239,1867,2074,1640,954,429,61,3
2021,04,읍면동,경기도 수원시 팔달구 화서2동 ,26409,1943,2908,4084,3424,4402,5046,2704,1193,612,87,6,12991,999,1465,2118,1699,2085,2462,1391,544,206,20,2,13418,944,1443,1966,1725,2317,2584,1313,649,406,67,4
2021,04,시군,경기도 시흥시 ,510098,49119,50411,70298,78769,92133,88712,50081,19781,9269,1422,103,266410,24972,25928,38173,42109,49611,46652,26609,9018,3027,281,30,243688,24147,24483,32125,36660,42522,42060,23472,10763,6242,1141,73
2021,04,읍면동,경기도 시흥시 과림동 ,1977,39,52,160,175,179,467,567,228,87,19,4,1209,20,29,99,119,128,294,344,132,37,5,2,768,19,23,61,56,51,173,223,96,50,14,2
2021,04,읍면동,경기도 시흥시 군자동 ,22041,1531,2188,2880,2652,3833,4089,2849,1301,621,86,11,11562,793,1137,1591,1493,2130,2146,1450,584,221,14,3,10479,738,1051,1289,1159,1703,1943,1399,717,400,72,8
2021,04,읍면동,경기도 시흥시 능곡동 ,23368,2385,2704,3192,3527,4107,3961,2041,901,467,81,2,11623,1229,1368,1548,1840,1987,2031,1049,400,152,18,1,11745,1156,1336,1644,1687,2120,1930,992,501,315,63,1
2021,04,읍면동,경기도 시흥시 대야동 ,44784,3497,3519,6801,6975,6586,8573,5592,2040,1023,170,8,22725,1798,1809,3557,3644,3397,4242,2976,944,326,31,1,22059,1699,1710,3244,3331,3189,4331,2616,1096,697,139,7
2021,04,읍면동,경기도 시흥시 매화동 ,12130,666,1185,1658,1104,1926,2479,1701,891,451,66,3,6359,321,624,967,584,1023,1373,907,404,137,18,1,5771,345,561,691,520,903,1106,794,487,314,48,2
2021,04,읍면동,경기도 시흥시 목감동 ,42276,5843,3343,4199,8320,7498,5726,4617,1835,755,126,14,21412,2948,1713,2146,4165,4082,2861,2344,891,234,24,4,20864,2895,1630,2053,4155,3416,2865,2273,944,521,102,10
2021,04,읍면동,경기도 시흥시 배곧동 ,71201,10859,8063,9090,14456,14862,8612,3784,1032,377,65,1,36487,5499,4055,4779,7346,7881,4345,1976,471,126,9,0,34714,5360,4008,4311,7110,6981,4267,1808,561,251,56,1
2021,04,읍면동,경기도 시흥시 신천동 ,36284,1603,3205,5875,3900,5241,8075,5195,2103,944,120,23,18752,861,1670,3198,2170,2748,4137,2755,921,263,26,3,17532,742,1535,2677,1730,2493,3938,2440,1182,681,94,20
2021,04,읍면동,경기도 시흥시 신현동 ,9961,437,736,1402,965,1298,2212,1711,758,377,56,9,5232,217,387,781,551,678,1167,931,365,131,19,5,4729,220,349,621,414,620,1045,780,393,246,37,4
2021,04,읍면동,경기도 시흥시 연성동 ,23855,1717,2858,3693,2585,4189,4849,2244,1074,557,84,5,12146,888,1492,1945,1344,2054,2551,1190,461,205,14,2,11709,829,1366,1748,1241,2135,2298,1054,613,352,70,3
2021,04,읍면동,경기도 시흥시 월곶동 ,16016,1376,1484,1882,2349,3178,2704,1796,835,357,51,4,8346,680,782,1007,1248,1745,1475,866,394,138,9,2,7670,696,702,875,1101,1433,1229,930,441,219,42,2
2021,04,읍면동,경기도 시흥시 은행동 ,55843,7330,5689,6674,9820,9733,8630,5120,1848,844,150,5,27911,3707,2904,3414,4846,5022,4271,2613,864,245,24,1,27932,3623,2785,3260,4974,4711,4359,2507,984,599,126,4
2021,04,읍면동,경기도 시흥시 장곡동 ,31092,3681,3964,3933,4690,6179,5100,2175,895,408,65,2,15690,1885,2062,1983,2297,3084,2683,1156,393,132,14,1,15402,1796,1902,1950,2393,3095,2417,1019,502,276,51,1
2021,04,읍면동,경기도 시흥시 정왕1동,22544,1277,1962,3801,3341,4542,4327,2158,746,333,54,3,13306,633,1022,2433,2105,2826,2609,1227,334,109,6,2,9238,644,940,1368,1236,1716,1718,931,412,224,48,1
2021,04,읍면동,경기도 시흥시 정왕2동,32129,2379,3539,5189,4335,6153,6233,2642,1021,567,68,3,17360,1195,1825,3013,2518,3394,3309,1466,429,191,20,0,14769,1184,1714,2176,1817,2759,2924,1176,592,376,48,3
2021,04,읍면동,경기도 시흥시 정왕3동,22937,1709,2122,3071,3142,4605,4576,2353,879,399,79,2,12914,869,1105,1762,1873,2801,2591,1353,406,144,9,1,10023,840,1017,1309,1269,1804,1985,1000,473,255,70,1
2021,04,읍면동,경기도 시흥시 정왕4동,21351,1649,2689,3570,2423,3822,4333,1659,730,434,41,1,10577,854,1369,1834,1226,1800,2167,884,281,148,14,0,10774,795,1320,1736,1197,2022,2166,775,449,286,27,1
2021,04,읍면동,경기도 시흥시 정왕본동,20309,1141,1109,3228,4010,4202,3766,1877,664,268,41,3,12799,575,575,2116,2740,2831,2400,1122,344,88,7,1,7510,566,534,1112,1270,1371,1366,755,320,180,34,2
2021,04,시군,경기도 안산시 ,655816,43627,63337,107254,85313,106839,127664,74862,29897,14772,2160,91,336479,22265,32625,57093,46566,54751,65153,39191,13467,4884,463,21,319337,21362,30712,50161,38747,52088,62511,35671,16430,9888,1697,70
2021,04,구,경기도 안산시 단원구 ,302114,20429,29058,48192,41179,49480,58504,35039,13027,6274,891,41,155953,10487,15059,25604,22597,25510,29932,18509,6016,2057,173,9,146161,9942,13999,22588,18582,23970,28572,16530,7011,4217,718,32
2021,04,읍면동,경기도 안산시 단원구 고잔동,21723,1123,1858,4132,3127,3185,4107,2529,1084,522,56,0,10861,559,972,2046,1748,1586,2062,1268,452,161,7,0,10862,564,886,2086,1379,1599,2045,1261,632,361,49,0
2021,04,읍면동,경기도 안산시 단원구 대부동,8920,313,372,728,665,980,1935,2238,1067,535,82,5,4718,182,194,433,382,555,1020,1160,557,210,22,3,4202,131,178,295,283,425,915,1078,510,325,60,2
2021,04,읍면동,경기도 안산시 단원구 백운동,18349,1279,1765,2756,2468,2777,3678,2424,859,300,35,8,9305,647,910,1444,1324,1394,1809,1246,421,103,6,1,9044,632,855,1312,1144,1383,1869,1178,438,197,29,7
2021,04,읍면동,경기도 안산시 단원구 선부1동 ,17971,1312,1441,2693,2985,2747,3337,2218,788,397,53,0,9215,688,756,1459,1682,1432,1597,1145,326,121,9,0,8756,624,685,1234,1303,1315,1740,1073,462,276,44,0
2021,04,읍면동,경기도 안산시 단원구 선부2동 ,16265,866,1529,2444,1830,2758,3618,2013,785,373,47,2,8814,428,813,1332,1047,1538,2039,1100,384,118,14,1,7451,438,716,1112,783,1220,1579,913,401,255,33,1
2021,04,읍면동,경기도 안산시 단원구 선부3동 ,34990,2354,3509,5689,4845,6084,6786,3762,1235,648,76,2,17983,1210,1809,3062,2612,3102,3408,2042,519,209,10,0,17007,1144,1700,2627,2233,2982,3378,1720,716,439,66,2
2021,04,읍면동,경기도 안산시 단원구 신길동,22628,1589,2471,3091,2886,4013,4335,2716,984,467,72,4,12172,828,1263,1779,1651,2235,2324,1426,487,164,14,1,10456,761,1208,1312,1235,1778,2011,1290,497,303,58,3
2021,04,읍면동,경기도 안산시 단원구 와동 ,38773,2571,3842,6052,5016,7042,7545,4085,1699,804,111,6,20484,1322,2031,3353,2818,3791,4057,2130,723,237,22,0,18289,1249,1811,2699,2198,3251,3488,1955,976,567,89,6
2021,04,읍면동,경기도 안산시 단원구 원곡동,6146,282,307,460,618,974,1586,1050,579,267,23,0,3533,142,160,281,369,593,993,598,281,109,7,0,2613,140,147,179,249,381,593,452,298,158,16,0
2021,04,읍면동,경기도 안산시 단원구 중앙동,25173,1568,2113,5264,3886,3658,4484,2883,856,380,75,6,12540,816,1068,2623,2094,1767,2150,1483,419,108,10,2,12633,752,1045,2641,1792,1891,2334,1400,437,272,65,4
2021,04,읍면동,경기도 안산시 단원구 초지동,47046,3749,4693,7388,7286,8111,8226,4655,1856,934,142,6,24144,1927,2406,3961,4033,4164,4101,2403,824,299,25,1,22902,1822,2287,3427,3253,3947,4125,2252,1032,635,117,5
2021,04,읍면동,경기도 안산시 단원구 호수동,44130,3423,5158,7495,5567,7151,8867,4466,1235,647,119,2,22184,1738,2677,3831,2837,3353,4372,2508,623,218,27,0,21946,1685,2481,3664,2730,3798,4495,1958,612,429,92,2
2021,04,구,경기도 안산시 상록구 ,353702,23198,34279,59062,44134,57359,69160,39823,16870,8498,1269,50,180526,11778,17566,31489,23969,29241,35221,20682,7451,2827,290,12,173176,11420,16713,27573,20165,28118,33939,19141,9419,5671,979,38
2021,04,읍면동,경기도 안산시 상록구 반월동,17822,1063,1271,2172,2137,2617,3227,3036,1599,601,96,3,8975,527,666,1176,1150,1403,1584,1445,772,231,20,1,8847,536,605,996,987,1214,1643,1591,827,370,76,2
2021,04,읍면동,경기도 안산시 상록구 본오1동 ,37760,2580,3916,5986,4490,6764,7350,3882,1807,874,111,0,19515,1340,2048,3165,2436,3490,3884,2053,772,304,23,0,18245,1240,1868,2821,2054,3274,3466,1829,1035,570,88,0
2021,04,읍면동,경기도 안산시 상록구 본오2동 ,26593,1510,2751,4380,2950,4308,5425,3036,1414,719,95,5,13190,762,1345,2265,1600,2094,2677,1579,595,250,23,0,13403,748,1406,2115,1350,2214,2748,1457,819,469,72,5
2021,04,읍면동,경기도 안산시 상록구 본오3동 ,19961,922,1688,3541,2410,3041,4216,2372,1106,598,67,0,9966,479,855,1833,1313,1506,2060,1209,471,220,20,0,9995,443,833,1708,1097,1535,2156,1163,635,378,47,0
2021,04,읍면동,경기도 안산시 상록구 부곡동,21805,1434,2077,3444,2374,3551,4666,2514,1090,598,54,3,11270,743,1025,1840,1339,1846,2463,1335,459,207,13,0,10535,691,1052,1604,1035,1705,2203,1179,631,391,41,3
2021,04,읍면동,경기도 안산시 상록구 사동 ,32807,1741,2800,6021,4552,5450,6327,3039,1550,1119,196,12,17230,905,1457,3326,2644,2930,3345,1600,637,326,55,5,15577,836,1343,2695,1908,2520,2982,1439,913,793,141,7
2021,04,읍면동,경기도 안산시 상록구 사이동,32923,2445,3567,5344,4168,5451,6365,3547,1290,644,99,3,16663,1259,1820,2830,2224,2719,3198,1815,561,216,21,0,16260,1186,1747,2514,1944,2732,3167,1732,729,428,78,3
2021,04,읍면동,경기도 안산시 상록구 성포동,26642,1671,2497,4657,3234,3530,5640,3575,1113,588,128,9,13063,872,1300,2454,1674,1593,2613,1825,512,176,39,5,13579,799,1197,2203,1560,1937,3027,1750,601,412,89,4
2021,04,읍면동,경기도 안산시 상록구 안산동,9041,461,756,1113,932,1324,1840,1579,679,306,50,1,4758,234,401,636,522,722,1011,801,324,98,9,0,4283,227,355,477,410,602,829,778,355,208,41,1
2021,04,읍면동,경기도 안산시 상록구 월피동,38438,2178,3679,7095,4387,5885,8137,4470,1620,861,120,6,19668,1120,1954,3850,2389,2919,4084,2380,700,251,21,0,18770,1058,1725,3245,1998,2966,4053,2090,920,610,99,6
2021,04,읍면동,경기도 안산시 상록구 이동 ,23955,1048,1573,4377,3727,3923,4523,2764,1328,599,89,4,12830,515,812,2320,2208,2228,2443,1453,614,221,15,1,11125,533,761,2057,1519,1695,2080,1311,714,378,74,3
2021,04,읍면동,경기도 안산시 상록구 일동 ,24847,1674,2421,3771,3018,4430,4665,2704,1433,632,95,4,12672,839,1192,1932,1658,2365,2467,1381,602,219,17,0,12175,835,1229,1839,1360,2065,2198,1323,831,413,78,4
2021,04,읍면동,경기도 안산시 상록구 해양동,41108,4471,5283,7161,5755,7085,6779,3305,841,359,69,0,20726,2183,2691,3862,2812,3426,3392,1806,432,108,14,0,20382,2288,2592,3299,2943,3659,3387,1499,409,251,55,0
2021,04,시군,경기도 안성시 ,188038,13707,18076,22805,22887,30221,31500,26342,13696,7713,1053,38,97025,7050,9442,12618,12503,16154,16723,13297,6279,2746,207,6,91013,6657,8634,10187,10384,14067,14777,13045,7417,4967,846,32
2021,04,읍면동,경기도 안성시 고삼면 ,1955,46,84,202,141,179,375,483,238,175,30,2,1018,22,49,111,86,106,204,248,113,74,5,0,937,24,35,91,55,73,171,235,125,101,25,2
2021,04,읍면동,경기도 안성시 공도읍 ,59821,5814,7532,6982,8335,12105,8966,5608,2929,1371,173,6,30183,2940,3887,3744,4358,6170,4664,2639,1291,454,35,1,29638,2874,3645,3238,3977,5935,4302,2969,1638,917,138,5
2021,04,읍면동,경기도 안성시 금광면 ,7361,382,624,729,637,1004,1329,1417,692,473,71,3,3674,206,312,400,337,534,694,714,291,174,11,1,3687,176,312,329,300,470,635,703,401,299,60,2
2021,04,읍면동,경기도 안성시 대덕면 ,15336,1329,1120,2032,2532,2577,2368,1943,912,462,60,1,8587,720,581,1159,1504,1578,1377,1022,459,178,9,0,6749,609,539,873,1028,999,991,921,453,284,51,1
2021,04,읍면동,경기도 안성시 미양면 ,5930,217,275,555,556,732,1117,1271,686,463,55,3,3220,108,150,346,339,456,617,698,334,160,11,1,2710,109,125,209,217,276,500,573,352,303,44,2
2021,04,읍면동,경기도 안성시 보개면 ,5347,166,300,486,404,538,1018,1195,702,458,76,4,2817,89,178,285,238,323,553,655,317,164,15,0,2530,77,122,201,166,215,465,540,385,294,61,4
2021,04,읍면동,경기도 안성시 삼죽면 ,3678,82,328,426,277,355,637,781,461,303,27,1,1940,43,185,224,185,205,352,405,226,112,3,0,1738,39,143,202,92,150,285,376,235,191,24,1
2021,04,읍면동,경기도 안성시 서운면 ,3349,89,138,293,240,338,669,767,459,320,35,1,1766,51,74,187,137,201,381,395,216,115,9,0,1583,38,64,106,103,137,288,372,243,205,26,1
2021,04,읍면동,경기도 안성시 안성1동,12400,702,1030,1594,1324,1726,2215,2000,1107,604,95,3,6243,344,526,870,712,918,1130,981,504,239,18,1,6157,358,504,724,612,808,1085,1019,603,365,77,2
2021,04,읍면동,경기도 안성시 안성2동,24353,2102,2606,3659,3280,4069,3904,2789,1258,611,75,0,12339,1092,1358,1952,1726,2088,1996,1370,547,190,20,0,12014,1010,1248,1707,1554,1981,1908,1419,711,421,55,0
2021,04,읍면동,경기도 안성시 안성3동,22429,1741,2495,3261,2701,3556,3936,2666,1317,669,84,3,11255,887,1303,1823,1392,1747,1983,1296,570,236,18,0,11174,854,1192,1438,1309,1809,1953,1370,747,433,66,3
2021,04,읍면동,경기도 안성시 양성면 ,5273,152,277,454,403,554,1022,1208,651,454,94,4,2757,80,128,269,234,336,570,655,309,161,15,0,2516,72,149,185,169,218,452,553,342,293,79,4
2021,04,읍면동,경기도 안성시 원곡면 ,6357,384,392,775,927,915,1168,1017,483,260,36,0,3582,223,219,479,561,557,642,564,234,90,13,0,2775,161,173,296,366,358,526,453,249,170,23,0
2021,04,읍면동,경기도 안성시 일죽면 ,7647,284,513,673,600,817,1381,1725,986,574,90,4,4023,140,303,382,364,490,753,876,492,207,15,1,3624,144,210,291,236,327,628,849,494,367,75,3
2021,04,읍면동,경기도 안성시 죽산면 ,6802,217,362,684,530,756,1395,1472,815,516,52,3,3621,105,189,387,330,445,807,779,376,192,10,1,3181,112,173,297,200,311,588,693,439,324,42,2
2021,04,시군,경기도 안양시 ,551189,39104,51860,77171,77390,87348,96883,73052,31808,14289,2181,103,272626,19908,26889,40000,39806,42898,47054,35966,14647,4919,512,27,278563,19196,24971,37171,37584,44450,49829,37086,17161,9370,1669,76
2021,04,구,경기도 안양시 동안구 ,312958,23940,33359,42969,44560,52657,53974,37749,15278,7216,1205,51,153329,12223,17235,22125,22435,25116,25981,18601,6911,2393,296,13,159629,11717,16124,20844,22125,27541,27993,19148,8367,4823,909,38
2021,04,읍면동,경기도 안양시 동안구 갈산동,11040,732,1523,1446,1070,1933,1921,1414,630,304,63,4,5387,354,768,758,547,904,929,695,300,115,16,1,5653,378,755,688,523,1029,992,719,330,189,47,3
2021,04,읍면동,경기도 안양시 동안구 관양1동 ,36351,1982,2868,5773,4780,4892,6954,5420,2431,1069,170,12,17803,1025,1510,3077,2527,2365,3239,2589,1072,349,47,3,18548,957,1358,2696,2253,2527,3715,2831,1359,720,123,9
2021,04,읍면동,경기도 안양시 동안구 관양2동 ,19091,1211,1415,2944,2972,2945,3453,2434,1126,513,75,3,9710,616,694,1590,1639,1490,1726,1225,524,187,19,0,9381,595,721,1354,1333,1455,1727,1209,602,326,56,3
2021,04,읍면동,경기도 안양시 동안구 귀인동,16628,1359,3433,1826,1222,3968,2606,1295,567,308,44,0,8198,745,1795,914,517,1809,1377,668,246,113,14,0,8430,614,1638,912,705,2159,1229,627,321,195,30,0
2021,04,읍면동,경기도 안양시 동안구 달안동,10862,657,709,1485,2244,1787,1657,1326,591,346,58,2,4951,328,368,698,1140,819,721,567,208,90,12,0,5911,329,341,787,1104,968,936,759,383,256,46,2
2021,04,읍면동,경기도 안양시 동안구 범계동,15176,1132,2234,1963,1823,2911,2494,1469,676,386,87,1,7249,559,1166,965,846,1320,1212,747,282,126,26,0,7927,573,1068,998,977,1591,1282,722,394,260,61,1
2021,04,읍면동,경기도 안양시 동안구 부림동,26872,2168,2354,3618,5681,4955,3972,2489,1027,544,62,2,13025,1071,1215,1767,2952,2391,1841,1197,398,178,14,1,13847,1097,1139,1851,2729,2564,2131,1292,629,366,48,1
2021,04,읍면동,경기도 안양시 동안구 부흥동,17296,1382,2200,2088,2159,3246,2716,2069,929,437,68,2,8310,734,1160,1070,1023,1493,1325,964,400,125,15,1,8986,648,1040,1018,1136,1753,1391,1105,529,312,53,1
2021,04,읍면동,경기도 안양시 동안구 비산1동 ,21288,1722,2185,2861,2739,3422,3852,2887,1083,454,80,3,10384,915,1145,1422,1321,1625,1835,1423,504,175,19,0,10904,807,1040,1439,1418,1797,2017,1464,579,279,61,3
2021,04,읍면동,경기도 안양시 동안구 비산2동 ,10956,781,1057,1595,1374,1650,2081,1520,628,227,43,0,5294,396,527,814,673,784,972,753,297,70,8,0,5662,385,530,781,701,866,1109,767,331,157,35,0
2021,04,읍면동,경기도 안양시 동안구 비산3동 ,17501,843,1299,2643,2231,2216,3528,2905,1168,561,103,4,8650,424,703,1401,1185,1106,1659,1429,545,169,28,1,8851,419,596,1242,1046,1110,1869,1476,623,392,75,3
2021,04,읍면동,경기도 안양시 동안구 신촌동,13046,929,1590,1825,1619,2120,2404,1663,608,238,50,0,6445,456,833,950,822,978,1163,852,297,84,10,0,6601,473,757,875,797,1142,1241,811,311,154,40,0
2021,04,읍면동,경기도 안양시 동안구 평안동,23628,2355,3710,2553,3170,5224,3407,1931,756,439,81,2,11496,1202,1906,1330,1468,2429,1730,967,315,128,19,2,12132,1153,1804,1223,1702,2795,1677,964,441,311,62,0
2021,04,읍면동,경기도 안양시 동안구 평촌동,14749,1337,1639,2111,1863,2416,2926,1502,572,341,36,6,7274,689,839,1108,890,1123,1452,763,273,125,11,1,7475,648,800,1003,973,1293,1474,739,299,216,25,5
2021,04,읍면동,경기도 안양시 동안구 호계1동 ,16937,2336,1508,1906,3666,2991,2262,1498,527,193,45,5,8533,1188,787,951,1825,1554,1132,742,277,70,6,1,8404,1148,721,955,1841,1437,1130,756,250,123,39,4
2021,04,읍면동,경기도 안양시 동안구 호계2동 ,19889,1428,1608,3136,3018,2771,3632,2836,976,414,68,2,9757,713,828,1607,1563,1328,1703,1400,454,143,17,1,10132,715,780,1529,1455,1443,1929,1436,522,271,51,1
2021,04,읍면동,경기도 안양시 동안구 호계3동 ,21648,1586,2027,3196,2929,3210,4109,3091,983,442,72,3,10863,808,991,1703,1497,1598,1965,1620,519,146,15,1,10785,778,1036,1493,1432,1612,2144,1471,464,296,57,2
2021,04,구,경기도 안양시 만안구 ,238231,15164,18501,34202,32830,34691,42909,35303,16530,7073,976,52,119297,7685,9654,17875,17371,17782,21073,17365,7736,2526,216,14,118934,7479,8847,16327,15459,16909,21836,17938,8794,4547,760,38
2021,04,읍면동,경기도 안양시 만안구 박달1동 ,15069,640,1134,2115,1638,2128,3067,2445,1301,534,62,5,7581,299,589,1102,912,1106,1593,1195,597,176,11,1,7488,341,545,1013,726,1022,1474,1250,704,358,51,4
2021,04,읍면동,경기도 안양시 만안구 박달2동 ,22505,1992,2295,3175,3374,3449,3747,2886,1058,455,72,2,11228,1032,1197,1707,1720,1702,1740,1445,513,159,13,0,11277,960,1098,1468,1654,1747,2007,1441,545,296,59,2
2021,04,읍면동,경기도 안양시 만안구 석수1동 ,19512,1387,1476,2520,2674,2885,3440,3035,1374,607,114,0,9599,750,784,1319,1332,1393,1612,1487,692,203,27,0,9913,637,692,1201,1342,1492,1828,1548,682,404,87,0
2021,04,읍면동,경기도 안양시 만안구 석수2동 ,32041,2115,2568,4582,4063,4759,6087,4541,2217,966,140,3,16074,1074,1379,2409,2069,2437,3024,2266,1029,360,27,0,15967,1041,1189,2173,1994,2322,3063,2275,1188,606,113,3
2021,04,읍면동,경기도 안양시 만안구 석수3동 ,13466,900,1306,1949,1489,2061,2535,1953,832,393,48,0,6766,432,702,1072,769,1029,1260,991,385,119,7,0,6700,468,604,877,720,1032,1275,962,447,274,41,0
2021,04,읍면동,경기도 안양시 만안구 안양1동 ,12518,902,1066,1913,1864,1960,2163,1588,735,277,49,1,6241,447,539,963,967,980,1087,784,351,111,12,0,6277,455,527,950,897,980,1076,804,384,166,37,1
2021,04,읍면동,경기도 안양시 만안구 안양2동 ,21551,1102,1483,3491,2889,2963,3956,3311,1619,642,89,6,10826,536,776,1731,1588,1555,1928,1681,776,236,17,2,10725,566,707,1760,1301,1408,2028,1630,843,406,72,4
2021,04,읍면동,경기도 안양시 만안구 안양3동 ,16534,801,1299,2427,2144,2278,3005,2756,1285,485,53,1,8244,430,672,1303,1156,1168,1436,1314,584,168,12,1,8290,371,627,1124,988,1110,1569,1442,701,317,41,0
2021,04,읍면동,경기도 안양시 만안구 안양4동 ,7122,256,474,1068,924,954,1295,1086,663,355,47,0,3548,128,235,516,517,524,667,531,277,131,22,0,3574,128,239,552,407,430,628,555,386,224,25,0
2021,04,읍면동,경기도 안양시 만안구 안양5동 ,10407,451,710,1399,1317,1444,1882,1785,915,447,53,4,5178,234,380,731,705,734,965,865,400,151,12,1,5229,217,330,668,612,710,917,920,515,296,41,3
2021,04,읍면동,경기도 안양시 만안구 안양6동 ,23772,1509,1471,3605,4199,3548,3938,3286,1471,663,74,8,12200,763,759,1884,2325,1907,1989,1595,712,236,28,2,11572,746,712,1721,1874,1641,1949,1691,759,427,46,6
2021,04,읍면동,경기도 안양시 만안구 안양7동 ,15497,1706,1281,1956,2656,2558,2532,1753,736,262,52,5,7600,842,647,983,1263,1308,1254,843,349,98,11,2,7897,864,634,973,1393,1250,1278,910,387,164,41,3
2021,04,읍면동,경기도 안양시 만안구 안양8동 ,10823,449,693,1578,1490,1448,1982,1921,872,339,47,4,5612,237,359,864,891,796,982,935,408,136,4,0,5211,212,334,714,599,652,1000,986,464,203,43,4
2021,04,읍면동,경기도 안양시 만안구 안양9동 ,17414,954,1245,2424,2109,2256,3280,2957,1452,648,76,13,8600,481,636,1291,1157,1143,1536,1433,663,242,13,5,8814,473,609,1133,952,1113,1744,1524,789,406,63,8
2021,04,읍면동,경기도 안중출장소 ,0,0,0,0,0,0,0,0,0,0,0,0,0,0,0,0,0,0,0,0,0,0,0,0,0,0,0,0,0,0,0,0,0,0,0,0
2021,04,시군,경기도 양주시 ,234990,20264,24408,27806,28629,40115,38764,30058,16415,7406,1074,51,119207,10335,12407,14910,14766,20684,20341,15081,7640,2801,231,11,115783,9929,12001,12896,13863,19431,18423,14977,8775,4605,843,40
2021,04,읍면동,경기도 양주시 광적면 ,11891,619,844,1267,1128,1664,2468,2226,1065,532,77,1,6427,313,457,743,632,946,1380,1214,519,204,19,0,5464,306,387,524,496,718,1088,1012,546,328,58,1
2021,04,읍면동,경기도 양주시 남면,6868,369,369,815,764,785,1208,1424,692,368,72,2,3847,174,188,522,464,478,719,808,341,139,14,0,3021,195,181,293,300,307,489,616,351,229,58,2
2021,04,읍면동,경기도 양주시 백석읍 ,26277,1315,2523,3245,2271,3880,5164,4327,2261,1131,153,7,13288,642,1296,1767,1237,1973,2698,2201,1045,403,26,0,12989,673,1227,1478,1034,1907,2466,2126,1216,728,127,7
2021,04,읍면동,경기도 양주시 양주1동,5324,201,265,580,445,616,1046,1108,673,342,47,1,2813,104,146,324,252,357,551,622,312,137,8,0,2511,97,119,256,193,259,495,486,361,205,39,1
2021,04,읍면동,경기도 양주시 양주2동,50137,4708,6972,5443,5312,10141,7504,5216,3356,1302,177,6,24512,2383,3493,2771,2576,4989,3914,2313,1520,509,44,0,25625,2325,3479,2672,2736,5152,3590,2903,1836,793,133,6
2021,04,읍면동,경기도 양주시 은현면 ,5869,145,305,649,459,662,1244,1373,654,322,56,0,3340,74,167,389,292,417,763,774,337,115,12,0,2529,71,138,260,167,245,481,599,317,207,44,0
2021,04,읍면동,경기도 양주시 장흥면 ,10475,498,520,1101,1079,1132,1786,2250,1306,648,150,5,5373,263,289,664,600,614,891,1109,652,257,31,3,5102,235,231,437,479,518,895,1141,654,391,119,2
2021,04,읍면동,경기도 양주시 회천1동,9723,634,743,1527,1198,1348,1775,1373,727,339,45,14,5118,313,390,873,652,729,963,714,337,133,11,3,4605,321,353,654,546,619,812,659,390,206,34,11
2021,04,읍면동,경기도 양주시 회천2동,27076,1919,2646,3447,2878,4289,5417,3753,1858,780,87,2,13755,998,1366,1829,1531,2221,2777,1908,821,286,18,0,13321,921,1280,1618,1347,2068,2640,1845,1037,494,69,2
2021,04,읍면동,경기도 양주시 회천3동,27363,2224,3436,3864,2978,4970,4640,2577,1655,910,103,6,13558,1147,1756,2031,1477,2454,2384,1253,665,357,29,5,13805,1077,1680,1833,1501,2516,2256,1324,990,553,74,1
2021,04,읍면동,경기도 양주시 회천4동,53987,7632,5785,5868,10117,10628,6512,4431,2168,732,107,7,27176,3924,2859,2997,5053,5506,3301,2165,1091,261,19,0,26811,3708,2926,2871,5064,5122,3211,2266,1077,471,88,7
2021,04,읍면동,경기도 양평군 ,119505,7218,9677,10590,10785,16284,20728,23578,13155,6444,1004,42,59981,3689,5112,5881,5442,8260,10674,11745,6459,2476,233,10,59524,3529,4565,4709,5343,8024,10054,11833,6696,3968,771,32
2021,04,읍면동,경기도 양평군 강상면 ,10506,926,951,848,1188,1689,1646,1818,962,418,57,3,5211,464,499,448,552,852,845,882,497,158,14,0,5295,462,452,400,636,837,801,936,465,260,43,3
2021,04,읍면동,경기도 양평군 강하면 ,4772,175,241,345,366,507,871,1277,704,240,45,1,2404,93,141,196,193,253,439,610,374,96,8,1,2368,82,100,149,173,254,432,667,330,144,37,0
2021,04,읍면동,경기도 양평군 개군면 ,5186,232,335,401,373,605,886,1237,716,353,46,2,2631,108,188,226,195,324,475,620,353,134,8,0,2555,124,147,175,178,281,411,617,363,219,38,2
2021,04,읍면동,경기도 양평군 단월면 ,3879,125,230,244,280,419,672,988,561,318,42,0,1973,60,117,140,160,225,361,508,273,123,6,0,1906,65,113,104,120,194,311,480,288,195,36,0
2021,04,읍면동,경기도 양평군 서종면 ,9776,621,855,609,823,1493,1715,2116,1044,417,80,3,4864,303,459,337,384,748,863,1023,558,170,19,0,4912,318,396,272,439,745,852,1093,486,247,61,3
2021,04,읍면동,경기도 양평군 양동면 ,4597,136,189,281,289,378,916,1180,701,443,80,4,2289,80,98,163,159,205,481,585,329,169,19,1,2308,56,91,118,130,173,435,595,372,274,61,3
2021,04,읍면동,경기도 양평군 양서면 ,13674,730,1043,1222,1206,1817,2420,2768,1636,707,114,11,6813,376,538,662,613,922,1215,1341,803,313,24,6,6861,354,505,560,593,895,1205,1427,833,394,90,5
2021,04,읍면동,경기도 양평군 양평읍 ,30737,2177,3252,3553,3191,4814,5363,4580,2442,1199,158,8,15398,1123,1676,1965,1616,2321,2764,2285,1184,423,41,0,15339,1054,1576,1588,1575,2493,2599,2295,1258,776,117,8
2021,04,읍면동,경기도 양평군 옥천면 ,8033,475,557,740,779,1063,1397,1690,880,393,58,1,4070,223,300,433,405,559,707,861,425,141,16,0,3963,252,257,307,374,504,690,829,455,252,42,1
2021,04,읍면동,경기도 양평군 용문면 ,17752,1287,1496,1652,1691,2460,2924,3181,1904,981,172,4,8918,661,793,916,850,1273,1508,1594,901,385,37,0,8834,626,703,736,841,1187,1416,1587,1003,596,135,4
2021,04,읍면동,경기도 양평군 지평면 ,6838,226,374,472,404,687,1256,1721,1000,584,111,3,3489,136,217,272,212,372,665,913,470,200,31,1,3349,90,157,200,192,315,591,808,530,384,80,2
2021,04,읍면동,경기도 양평군 청운면 ,3755,108,154,223,195,352,662,1022,605,391,41,2,1921,62,86,123,103,206,351,523,292,164,10,1,1834,46,68,100,92,146,311,499,313,227,31,1
2021,04,시군,경기도 여주시 ,111913,7260,9442,12166,11371,15855,20063,19233,10213,5426,856,28,56882,3735,4860,6671,5995,8203,10515,9800,4885,2016,195,7,55031,3525,4582,5495,5376,7652,9548,9433,5328,3410,661,21
2021,04,읍면동,경기도 여주시 가남읍 ,15504,995,1260,1665,1786,2220,2786,2623,1353,707,105,4,8026,490,651,921,1005,1186,1495,1326,660,262,27,3,7478,505,609,744,781,1034,1291,1297,693,445,78,1
2021,04,읍면동,경기도 여주시 강천면 ,4212,145,268,342,301,457,877,910,558,285,69,0,2179,72,140,203,154,252,491,457,285,113,12,0,2033,73,128,139,147,205,386,453,273,172,57,0
2021,04,읍면동,경기도 여주시 금사면 ,2964,88,137,226,185,257,578,764,463,223,43,0,1537,44,61,149,97,147,313,402,228,90,6,0,1427,44,76,77,88,110,265,362,235,133,37,0
2021,04,읍면동,경기도 여주시 능서면 ,6334,278,426,546,474,681,1103,1408,827,505,84,2,3264,129,213,310,253,411,609,743,407,171,17,1,3070,149,213,236,221,270,494,665,420,334,67,1
2021,04,읍면동,경기도 여주시 대신면 ,6991,208,410,600,444,674,1277,1671,985,623,97,2,3652,102,235,366,259,372,691,892,458,246,31,0,3339,106,175,234,185,302,586,779,527,377,66,2
2021,04,읍면동,경기도 여주시 북내면 ,4903,158,343,413,301,564,992,1051,617,403,60,1,2540,83,198,231,162,297,572,552,279,150,16,0,2363,75,145,182,139,267,420,499,338,253,44,1
2021,04,읍면동,경기도 여주시 산북면 ,2529,115,140,192,180,268,434,609,365,196,29,1,1274,53,68,102,102,147,226,311,173,83,8,1,1255,62,72,90,78,121,208,298,192,113,21,0
2021,04,읍면동,경기도 여주시 여흥동 ,21694,1489,1958,2788,2433,3462,3863,3283,1552,752,108,6,10828,769,1001,1490,1240,1751,1920,1641,720,273,22,1,10866,720,957,1298,1193,1711,1943,1642,832,479,86,5
2021,04,읍면동,경기도 여주시 오학동 ,18521,2072,1828,2118,2660,3268,3037,2089,955,434,58,2,9204,1083,910,1107,1329,1632,1487,1043,451,152,10,0,9317,989,918,1011,1331,1636,1550,1046,504,282,48,2
2021,04,읍면동,경기도 여주시 점동면 ,4683,193,254,447,290,404,868,1110,667,393,53,4,2428,110,139,264,160,228,465,564,348,134,15,1,2255,83,115,183,130,176,403,546,319,259,38,3
2021,04,읍면동,경기도 여주시 중앙동 ,18478,1351,2140,2420,1960,3077,3321,2462,1149,518,76,4,9282,708,1088,1297,1024,1501,1735,1213,515,188,13,0,9196,643,1052,1123,936,1576,1586,1249,634,330,63,4
2021,04,읍면동,경기도 여주시 흥천면 ,5100,168,278,409,357,523,927,1253,722,387,74,2,2668,92,156,231,210,279,511,656,361,154,18,0,2432,76,122,178,147,244,416,597,361,233,56,2
2021,04,읍면동,경기도 연천군 ,43080,2648,3119,5296,4156,4870,7004,7707,5002,2845,409,24,22552,1348,1653,3362,2357,2664,3765,3991,2277,1015,112,8,20528,1300,1466,1934,1799,2206,3239,3716,2725,1830,297,16
2021,04,읍면동,경기도 연천군 군남면 ,3166,92,171,320,184,278,570,711,496,311,30,3,1687,47,93,224,109,170,313,388,226,108,8,1,1479,45,78,96,75,108,257,323,270,203,22,2
2021,04,읍면동,경기도 연천군 미산면 ,1771,49,68,138,126,132,327,489,256,160,24,2,949,27,39,87,71,81,177,278,115,66,7,1,822,22,29,51,55,51,150,211,141,94,17,1
2021,04,읍면동,경기도 연천군 백학면 ,2623,81,147,233,176,240,492,580,420,235,18,1,1406,40,86,146,110,134,273,307,204,100,6,0,1217,41,61,87,66,106,219,273,216,135,12,1
2021,04,읍면동,경기도 연천군 신서면 ,2715,59,104,320,142,234,406,658,495,263,32,2,1451,30,47,245,88,147,227,333,236,89,8,1,1264,29,57,75,54,87,179,325,259,174,24,1
2021,04,읍면동,경기도 연천군 연천읍 ,7807,670,443,1241,995,803,1044,1138,867,515,86,5,4225,330,251,858,590,454,585,573,373,183,27,1,3582,340,192,383,405,349,459,565,494,332,59,4
2021,04,읍면동,경기도 연천군 왕징면 ,1004,23,46,76,63,76,151,240,217,101,10,1,538,16,29,46,37,51,84,125,104,44,1,1,466,7,17,30,26,25,67,115,113,57,9,0
2021,04,읍면동,경기도 연천군 장남면 ,734,23,35,58,41,62,131,171,131,70,12,0,371,15,18,36,22,41,65,85,62,27,0,0,363,8,17,22,19,21,66,86,69,43,12,0
2021,04,읍면동,경기도 연천군 전곡읍 ,19195,1526,1909,2411,2160,2631,3173,2819,1541,863,155,7,9752,787,976,1359,1163,1340,1648,1441,708,283,44,3,9443,739,933,1052,997,1291,1525,1378,833,580,111,4
2021,04,읍면동,경기도 연천군 중면,195,6,9,46,12,17,31,35,26,12,1,0,119,4,4,40,7,10,17,19,14,4,0,0,76,2,5,6,5,7,14,16,12,8,1,0
2021,04,읍면동,경기도 연천군 청산면 ,3870,119,187,453,257,397,679,866,553,315,41,3,2054,52,110,321,160,236,376,442,235,111,11,0,1816,67,77,132,97,161,303,424,318,204,30,3
2021,04,시군,경기도 오산시 ,230769,23065,24925,31646,38464,43628,33634,20809,9906,4144,517,31,119513,11753,12722,17109,20831,23201,17606,10288,4369,1526,99,9,111256,11312,12203,14537,17633,20427,16028,10521,5537,2618,418,22
2021,04,읍면동,경기도 오산시 남촌동 ,20453,888,1183,3863,4926,3813,2851,1756,818,324,27,4,12094,434,592,2210,3183,2395,1791,967,387,132,3,0,8359,454,591,1653,1743,1418,1060,789,431,192,24,4
2021,04,읍면동,경기도 오산시 대원동 ,64755,6011,7187,9811,10008,12077,10019,5590,2766,1132,151,3,33659,3069,3778,5381,5409,6346,5250,2764,1180,443,38,1,31096,2942,3409,4430,4599,5731,4769,2826,1586,689,113,2
2021,04,읍면동,경기도 오산시 세마동 ,32042,3974,3338,4071,5953,6124,4267,2720,1102,421,71,1,16401,2001,1693,2145,3118,3208,2167,1371,543,148,7,0,15641,1973,1645,1926,2835,2916,2100,1349,559,273,64,1
2021,04,읍면동,경기도 오산시 신장동 ,61278,6947,7071,7180,9818,11707,8511,5878,2817,1180,157,12,30973,3543,3586,3796,5081,6192,4302,2804,1232,402,32,3,30305,3404,3485,3384,4737,5515,4209,3074,1585,778,125,9
2021,04,읍면동,경기도 오산시 중앙동 ,35991,3900,4192,4481,5418,6795,5441,3323,1621,737,77,6,18039,2011,2063,2350,2765,3460,2783,1625,686,282,12,2,17952,1889,2129,2131,2653,3335,2658,1698,935,455,65,4
2021,04,읍면동,경기도 오산시 초평동 ,16250,1345,1954,2240,2341,3112,2545,1542,782,350,34,5,8347,695,1010,1227,1275,1600,1313,757,341,119,7,3,7903,650,944,1013,1066,1512,1232,785,441,231,27,2
2021,04,시군,경기도 용인시 ,1076773,98828,121383,138229,143621,199023,167107,109529,65851,28764,4285,153,534238,50522,62462,71671,70935,98195,84973,52419,29889,12002,1143,27,542535,48306,58921,66558,72686,100828,82134,57110,35962,16762,3142,126
2021,04,구,경기도 용인시 기흥구 ,439922,41611,50442,56935,58322,83102,67537,42300,26375,11516,1716,66,217098,21362,25893,29515,28530,40647,34106,19827,11831,4892,482,13,222824,20249,24549,27420,29792,42455,33431,22473,14544,6624,1234,53
2021,04,읍면동,경기도 용인시 기흥구 구갈동,41918,4272,3324,6664,7724,7047,6550,3681,1864,672,113,7,20910,2190,1702,3266,3876,3613,3300,1798,872,269,23,1,21008,2082,1622,3398,3848,3434,3250,1883,992,403,90,6
2021,04,읍면동,경기도 용인시 기흥구 구성동,39228,3253,4771,4352,4116,7646,5931,4348,3192,1403,209,7,18970,1685,2456,2260,1993,3683,2912,1912,1382,641,45,1,20258,1568,2315,2092,2123,3963,3019,2436,1810,762,164,6
2021,04,읍면동,경기도 용인시 기흥구 기흥동,21645,1816,2184,2566,2772,3859,3545,2741,1456,610,92,4,10736,927,1133,1373,1386,1944,1736,1280,680,262,14,1,10909,889,1051,1193,1386,1915,1809,1461,776,348,78,3
2021,04,읍면동,경기도 용인시 기흥구 동백1동 ,33006,3365,5679,3606,3342,7805,4800,2190,1499,626,91,3,15853,1655,2858,1821,1497,3679,2535,945,595,237,31,0,17153,1710,2821,1785,1845,4126,2265,1245,904,389,60,3
2021,04,읍면동,경기도 용인시 기흥구 동백2동 ,27293,2600,4649,3233,2328,6215,4373,2045,1208,558,82,2,13407,1354,2395,1678,999,2841,2376,952,554,236,21,1,13886,1246,2254,1555,1329,3374,1997,1093,654,322,61,1
2021,04,읍면동,경기도 용인시 기흥구 동백3동 ,23485,2928,2978,2215,3061,4916,2706,2061,1736,790,92,2,11393,1522,1531,1089,1392,2413,1378,881,776,373,36,2,12092,1406,1447,1126,1669,2503,1328,1180,960,417,56,0
2021,04,읍면동,경기도 용인시 기흥구 마북동,32272,2622,3055,4094,4035,5360,5125,3795,2800,1208,171,7,15739,1363,1585,2096,1962,2585,2490,1783,1258,556,59,2,16533,1259,1470,1998,2073,2775,2635,2012,1542,652,112,5
2021,04,읍면동,경기도 용인시 기흥구 보라동,33616,2948,4343,4035,3843,6475,5271,3425,2214,918,137,7,16655,1533,2234,2076,1871,3213,2665,1605,1020,387,49,2,16961,1415,2109,1959,1972,3262,2606,1820,1194,531,88,5
2021,04,읍면동,경기도 용인시 기흥구 보정동,36396,3296,4533,4199,4041,7310,5397,3513,2787,1147,168,5,17873,1737,2343,2167,1877,3439,2776,1650,1295,538,51,0,18523,1559,2190,2032,2164,3871,2621,1863,1492,609,117,5
2021,04,읍면동,경기도 용인시 기흥구 상갈동,13321,925,1256,1965,1873,2367,2264,1325,885,418,43,0,6898,504,624,1051,1034,1223,1225,655,387,186,9,0,6423,421,632,914,839,1144,1039,670,498,232,34,0
2021,04,읍면동,경기도 용인시 기흥구 상하동,24928,1919,2800,3435,2769,4370,4510,2782,1572,667,99,5,12183,1014,1460,1764,1329,2095,2227,1326,693,252,23,0,12745,905,1340,1671,1440,2275,2283,1456,879,415,76,5
2021,04,읍면동,경기도 용인시 기흥구 서농동,26180,3103,2531,5219,4510,4491,3208,1900,832,344,41,1,13433,1544,1273,3059,2257,2314,1561,932,361,125,7,0,12747,1559,1258,2160,2253,2177,1647,968,471,219,34,1
2021,04,읍면동,경기도 용인시 기흥구 신갈동,38537,3321,3565,5058,6133,6561,6178,4082,2402,1096,133,8,19196,1674,1842,2514,3193,3298,3118,2009,1050,457,40,1,19341,1647,1723,2544,2940,3263,3060,2073,1352,639,93,7
2021,04,읍면동,경기도 용인시 기흥구 영덕1동 ,30553,3393,3547,3832,4584,5949,4890,2654,1162,455,83,4,15158,1717,1839,1988,2254,2928,2477,1255,533,151,15,1,15395,1676,1708,1844,2330,3021,2413,1399,629,304,68,3
2021,04,읍면동,경기도 용인시 기흥구 영덕2동 ,17544,1850,1227,2462,3191,2731,2789,1758,766,604,162,4,8694,943,618,1313,1610,1379,1330,844,375,222,59,1,8850,907,609,1149,1581,1352,1459,914,391,382,103,3
2021,04,구,경기도 용인시 수지구 ,377406,36350,45443,46676,51367,72429,56115,34561,23366,9678,1378,43,183947,18511,23127,23384,24367,34639,28427,16120,10608,4361,398,5,193459,17839,22316,23292,27000,37790,27688,18441,12758,5317,980,38
2021,04,읍면동,경기도 용인시 수지구 동천동,49600,5677,5382,5528,7819,9585,7131,4786,2589,934,163,6,24427,2962,2761,2771,3644,4716,3615,2296,1220,403,38,1,25173,2715,2621,2757,4175,4869,3516,2490,1369,531,125,5
2021,04,읍면동,경기도 용인시 수지구 상현1동 ,48535,4730,6130,6307,6735,9313,7084,4160,2783,1120,166,7,23405,2334,3092,3047,3178,4440,3574,1922,1261,519,37,1,25130,2396,3038,3260,3557,4873,3510,2238,1522,601,129,6
2021,04,읍면동,경기도 용인시 수지구 상현2동 ,33776,3280,4211,3861,4166,6476,5120,3097,2430,990,143,2,16413,1683,2174,1936,1952,3082,2561,1410,1110,459,46,0,17363,1597,2037,1925,2214,3394,2559,1687,1320,531,97,2
2021,04,읍면동,경기도 용인시 수지구 성복동,54260,5537,6555,5803,6151,10534,7978,5637,4319,1512,227,7,26135,2822,3238,2931,2691,4907,4074,2531,2110,761,68,2,28125,2715,3317,2872,3460,5627,3904,3106,2209,751,159,5
2021,04,읍면동,경기도 용인시 수지구 신봉동,37975,3431,5277,4071,3998,7881,5788,3499,2795,1090,143,2,18426,1709,2715,2105,1822,3641,2987,1626,1253,527,41,0,19549,1722,2562,1966,2176,4240,2801,1873,1542,563,102,2
2021,04,읍면동,경기도 용인시 수지구 죽전1동 ,56759,4889,6993,7937,6899,10711,8863,5317,3344,1594,204,8,27380,2458,3540,3928,3242,5110,4380,2514,1456,687,65,0,29379,2431,3453,4009,3657,5601,4483,2803,1888,907,139,8
2021,04,읍면동,경기도 용인시 수지구 죽전2동 ,18426,1468,1573,2804,3213,3030,2888,1826,1040,490,92,2,9127,771,812,1440,1634,1487,1411,862,480,199,31,0,9299,697,761,1364,1579,1543,1477,964,560,291,61,2
2021,04,읍면동,경기도 용인시 수지구 풍덕천1동,36636,2716,3630,5398,6235,6003,5438,3746,2319,1009,134,8,18275,1415,1867,2775,3308,2930,2743,1742,1033,420,41,1,18361,1301,1763,2623,2927,3073,2695,2004,1286,589,93,7
2021,04,읍면동,경기도 용인시 수지구 풍덕천2동,41439,4622,5692,4967,6151,8896,5825,2493,1747,939,106,1,20359,2357,2928,2451,2896,4326,3082,1217,685,386,31,0,21080,2265,2764,2516,3255,4570,2743,1276,1062,553,75,1
2021,04,구,경기도 용인시 처인구 ,259445,20867,25498,34618,33932,43492,43455,32668,16110,7570,1191,44,133193,10649,13442,18772,18038,22909,22440,16472,7450,2749,263,9,126252,10218,12056,15846,15894,20583,21015,16196,8660,4821,928,35
2021,04,읍면동,경기도 용인시 처인구 남사읍,23749,3202,1966,1876,4179,4236,3073,2983,1516,614,101,3,11979,1607,983,997,2076,2305,1543,1456,763,225,23,1,11770,1595,983,879,2103,1931,1530,1527,753,389,78,2
2021,04,읍면동,경기도 용인시 처인구 동부동,13039,663,1120,1835,1410,1951,2553,2074,983,377,70,3,6760,344,615,1021,799,1011,1289,1060,457,143,20,1,6279,319,505,814,611,940,1264,1014,526,234,50,2
2021,04,읍면동,경기도 용인시 처인구 모현읍,26649,1926,2396,3419,3099,4508,4726,3755,1856,830,132,2,13936,1009,1242,1903,1623,2428,2549,1940,893,326,23,0,12713,917,1154,1516,1476,2080,2177,1815,963,504,109,2
2021,04,읍면동,경기도 용인시 처인구 백암면,8738,239,756,887,744,995,1567,1866,941,649,92,2,4796,137,465,543,451,606,878,1012,455,226,23,0,3942,102,291,344,293,389,689,854,486,423,69,2
2021,04,읍면동,경기도 용인시 처인구 양지면,19598,1250,2284,2413,2429,3127,3419,2745,1191,615,116,9,10545,658,1350,1369,1389,1718,1795,1446,574,215,30,1,9053,592,934,1044,1040,1409,1624,1299,617,400,86,8
2021,04,읍면동,경기도 용인시 처인구 역삼동,44677,4776,4443,7195,7345,7713,6450,3951,1899,774,126,5,22389,2453,2260,3684,3755,3934,3147,1955,867,301,31,2,22288,2323,2183,3511,3590,3779,3303,1996,1032,473,95,3
2021,04,읍면동,경기도 용인시 처인구 원삼면,8226,341,522,724,723,1058,1597,1737,949,493,80,2,4281,171,280,405,422,583,849,894,482,178,17,0,3945,170,242,319,301,475,748,843,467,315,63,2
2021,04,읍면동,경기도 용인시 처인구 유림동,36266,3128,4336,4929,4526,6772,6224,3539,1864,830,114,4,18297,1585,2240,2654,2318,3395,3209,1760,801,305,30,0,17969,1543,2096,2275,2208,3377,3015,1779,1063,525,84,4
2021,04,읍면동,경기도 용인시 처인구 이동읍,20290,1524,1777,2142,2352,3314,3705,3067,1511,764,128,6,10381,747,926,1213,1305,1801,1940,1500,671,254,23,1,9909,777,851,929,1047,1513,1765,1567,840,510,105,5
2021,04,읍면동,경기도 용인시 처인구 중앙동,24815,1540,2210,4440,3187,3865,4191,3109,1462,702,102,7,12550,779,1119,2326,1757,2023,2095,1527,648,253,20,3,12265,761,1091,2114,1430,1842,2096,1582,814,449,82,4
2021,04,읍면동,경기도 용인시 처인구 포곡읍,33398,2278,3688,4758,3938,5953,5950,3842,1938,922,130,1,17279,1159,1962,2657,2143,3105,3146,1922,839,323,23,0,16119,1119,1726,2101,1795,2848,2804,1920,1099,599,107,1
2021,04,시군,경기도 의왕시 ,162227,12849,14285,23148,22571,24184,29105,21985,9082,4264,729,25,80714,6662,7345,12189,11642,11991,13992,10965,4280,1480,165,3,81513,6187,6940,10959,10929,12193,15113,11020,4802,2784,564,22
2021,04,읍면동,경기도 의왕시 고천동 ,14382,873,956,2462,2611,1739,2012,2196,1013,435,83,2,7302,469,503,1269,1449,911,942,1085,500,156,17,1,7080,404,453,1193,1162,828,1070,1111,513,279,66,1
2021,04,읍면동,경기도 의왕시 내손1동,20970,1498,2016,3264,2393,3098,4161,2800,1052,572,108,8,10292,776,1074,1685,1192,1455,1990,1419,486,193,22,0,10678,722,942,1579,1201,1643,2171,1381,566,379,86,8
2021,04,읍면동,경기도 의왕시 내손2동,23015,2317,2055,3166,3490,3531,4086,2759,991,528,90,2,11321,1196,1071,1637,1682,1752,1954,1393,440,174,22,0,11694,1121,984,1529,1808,1779,2132,1366,551,354,68,2
2021,04,읍면동,경기도 의왕시 부곡동 ,29498,2166,2400,4176,4127,4376,5162,3899,2020,1028,140,4,15019,1136,1235,2277,2246,2307,2567,1948,895,372,36,0,14479,1030,1165,1899,1881,2069,2595,1951,1125,656,104,4
2021,04,읍면동,경기도 의왕시 오전동 ,37307,2707,3771,4932,4629,5831,6779,5439,2187,881,149,2,18520,1346,1944,2605,2374,2828,3272,2714,1077,329,30,1,18787,1361,1827,2327,2255,3003,3507,2725,1110,552,119,1
2021,04,읍면동,경기도 의왕시 청계동 ,37055,3288,3087,5148,5321,5609,6905,4892,1819,820,159,7,18260,1739,1518,2716,2699,2738,3267,2406,882,256,38,1,18795,1549,1569,2432,2622,2871,3638,2486,937,564,121,6
2021,04,시군,경기도 의정부시,461077,33807,41978,64810,59618,74164,80276,58778,31165,14451,1902,128,227112,17460,21673,32789,30458,37248,39477,28437,13737,5370,436,27,233965,16347,20305,32021,29160,36916,40799,30341,17428,9081,1466,101
2021,04,읍면동,경기도 의정부시 가능동,25956,1491,2015,3579,3263,3830,4918,3811,2024,911,109,5,12981,760,1070,1867,1751,1958,2433,1893,890,340,18,1,12975,731,945,1712,1512,1872,2485,1918,1134,571,91,4
2021,04,읍면동,경기도 의정부시 녹양동,21915,1469,2090,2994,2565,3475,3945,2961,1544,748,122,2,10946,784,1131,1592,1307,1756,1955,1426,678,284,33,0,10969,685,959,1402,1258,1719,1990,1535,866,464,89,2
2021,04,읍면동,경기도 의정부시 송산1동 ,40368,3419,3569,5533,5717,6513,6986,4985,2257,1216,166,7,20043,1732,1854,2859,2958,3263,3407,2499,1039,404,26,2,20325,1687,1715,2674,2759,3250,3579,2486,1218,812,140,5
2021,04,읍면동,경기도 의정부시 송산2동 ,33660,2764,4209,4587,3776,6230,6014,3103,1894,943,137,3,16682,1431,2155,2432,1871,3003,3090,1503,806,363,27,1,16978,1333,2054,2155,1905,3227,2924,1600,1088,580,110,2
2021,04,읍면동,경기도 의정부시 송산3동 ,46832,6565,5189,5208,8159,9171,6121,3869,1721,724,102,3,22763,3362,2589,2589,3859,4603,2946,1798,770,220,26,1,24069,3203,2600,2619,4300,4568,3175,2071,951,504,76,2
2021,04,읍면동,경기도 의정부시 신곡1동 ,43428,2720,3905,6085,5090,6639,8518,6011,2945,1341,168,6,21331,1442,1999,3148,2627,3247,4092,2939,1332,474,30,1,22097,1278,1906,2937,2463,3392,4426,3072,1613,867,138,5
2021,04,읍면동,경기도 의정부시 신곡2동 ,48026,3429,5072,6929,5466,7624,8907,6132,2872,1376,215,4,23335,1794,2652,3516,2768,3673,4188,2956,1253,488,47,0,24691,1635,2420,3413,2698,3951,4719,3176,1619,888,168,4
2021,04,읍면동,경기도 의정부시 의정부1동 ,32291,1111,1645,6586,4881,4421,5500,4585,2290,1056,154,62,16424,588,831,3055,2685,2475,2989,2342,1008,402,37,12,15867,523,814,3531,2196,1946,2511,2243,1282,654,117,50
2021,04,읍면동,경기도 의정부시 의정부2동 ,31320,1771,2088,5367,4592,4768,5513,4077,2110,917,112,5,15521,936,1124,2597,2415,2459,2741,1942,915,358,31,3,15799,835,964,2770,2177,2309,2772,2135,1195,559,81,2
2021,04,읍면동,경기도 의정부시 자금동,27033,1904,2445,3773,3201,4150,5059,3563,1872,944,117,5,13227,945,1284,1962,1613,2044,2450,1750,816,330,32,1,13806,959,1161,1811,1588,2106,2609,1813,1056,614,85,4
2021,04,읍면동,경기도 의정부시 장암동,20507,1456,2043,2419,2234,3413,3421,2880,1708,806,118,9,9797,730,1047,1211,1117,1688,1620,1376,715,274,18,1,10710,726,996,1208,1117,1725,1801,1504,993,532,100,8
2021,04,읍면동,경기도 의정부시 호원1동 ,36185,2252,2802,4732,4512,5732,5904,5300,3463,1345,141,2,17645,1171,1428,2284,2294,2992,2858,2414,1583,578,42,1,18540,1081,1374,2448,2218,2740,3046,2886,1880,767,99,1
2021,04,읍면동,경기도 의정부시 호원2동 ,34940,2378,3375,4534,3955,5537,5968,4632,2993,1407,156,5,16941,1224,1702,2322,2001,2662,2930,2161,1295,588,55,1,17999,1154,1673,2212,1954,2875,3038,2471,1698,819,101,4
2021,04,읍면동,경기도 의정부시 흥선동,18616,1078,1531,2484,2207,2661,3502,2869,1472,717,85,10,9476,561,807,1355,1192,1425,1778,1438,637,267,14,2,9140,517,724,1129,1015,1236,1724,1431,835,450,71,8
2021,04,시군,경기도 이천시 ,219224,18422,22216,30399,30408,34733,35129,26978,13059,6902,944,34,113538,9535,11566,17227,16365,17942,18308,13808,6021,2536,222,8,105686,8887,10650,13172,14043,16791,16821,13170,7038,4366,722,26
2021,04,읍면동,경기도 이천시 관고동 ,10281,581,776,1488,1365,1460,1943,1609,711,310,37,1,5256,313,361,769,788,762,994,842,308,109,10,0,5025,268,415,719,577,698,949,767,403,201,27,1
2021,04,읍면동,경기도 이천시 대월면 ,14460,1184,1175,2601,2494,2097,1959,1605,862,416,67,0,7374,615,584,1296,1330,1144,1039,812,394,142,18,0,7086,569,591,1305,1164,953,920,793,468,274,49,0
2021,04,읍면동,경기도 이천시 마장면 ,14738,1523,1213,2210,2650,2062,2059,1648,867,435,68,3,8036,798,626,1358,1509,1175,1117,861,410,163,17,2,6702,725,587,852,1141,887,942,787,457,272,51,1
2021,04,읍면동,경기도 이천시 모가면 ,4466,142,271,377,364,499,847,984,567,368,45,2,2398,82,161,236,227,286,462,520,274,139,11,0,2068,60,110,141,137,213,385,464,293,229,34,2
2021,04,읍면동,경기도 이천시 백사면 ,11320,781,856,1336,1258,1615,2174,1794,881,527,94,4,5777,405,451,740,645,849,1106,936,404,214,26,1,5543,376,405,596,613,766,1068,858,477,313,68,3
2021,04,읍면동,경기도 이천시 부발읍 ,36170,3219,4460,5141,5076,6695,5528,3528,1632,799,89,3,18996,1639,2302,3033,2701,3426,2983,1844,759,290,19,0,17174,1580,2158,2108,2375,3269,2545,1684,873,509,70,3
2021,04,읍면동,경기도 이천시 설성면 ,4675,153,222,388,352,492,871,1049,657,424,61,6,2466,70,117,231,219,302,486,550,316,163,10,2,2209,83,105,157,133,190,385,499,341,261,51,4
2021,04,읍면동,경기도 이천시 신둔면 ,14007,1076,1157,1642,1850,1996,2563,2139,1026,474,81,3,7342,553,644,878,1012,1084,1342,1138,488,185,17,1,6665,523,513,764,838,912,1221,1001,538,289,64,2
2021,04,읍면동,경기도 이천시 율면,2650,55,121,178,148,239,430,695,393,343,46,2,1363,34,63,103,91,157,227,363,183,131,10,1,1287,21,58,75,57,82,203,332,210,212,36,1
2021,04,읍면동,경기도 이천시 장호원읍,14604,953,1347,1538,1476,1990,2452,2500,1415,833,97,3,7436,479,721,918,788,1021,1285,1241,659,301,23,0,7168,474,626,620,688,969,1167,1259,756,532,74,3
2021,04,읍면동,경기도 이천시 중리동 ,14922,908,926,3088,2463,1875,2282,1954,930,434,59,3,8480,471,479,2133,1567,1023,1184,990,442,174,16,1,6442,437,447,955,896,852,1098,964,488,260,43,2
2021,04,읍면동,경기도 이천시 증포동 ,53994,6574,7821,6954,8049,10435,8048,3882,1418,715,97,1,27002,3413,4092,3676,3849,5040,4104,1983,596,231,18,0,26992,3161,3729,3278,4200,5395,3944,1899,822,484,79,1
2021,04,읍면동,경기도 이천시 창전동 ,17161,959,1534,2827,2193,2561,2886,2500,1126,515,58,2,8552,503,782,1514,1240,1258,1370,1162,526,179,18,0,8609,456,752,1313,953,1303,1516,1338,600,336,40,2
2021,04,읍면동,경기도 이천시 호법면 ,5776,314,337,631,670,717,1087,1091,574,309,45,1,3060,160,183,342,399,415,609,566,262,115,9,0,2716,154,154,289,271,302,478,525,312,194,36,1
2021,04,시군,경기도 파주시 ,470096,43744,49431,57651,67016,81282,74234,51267,28724,14590,2081,76,238389,22333,25402,30626,35434,41596,38858,25580,12669,5339,532,20,231707,21411,24029,27025,31582,39686,35376,25687,16055,9251,1549,56
2021,04,읍면동,경기도 파주시 광탄면 ,11283,457,628,1228,1004,1297,2282,2284,1242,710,148,3,6160,236,345,760,607,765,1284,1275,613,241,33,1,5123,221,283,468,397,532,998,1009,629,469,115,2
2021,04,읍면동,경기도 파주시 교하동 ,42622,3849,5518,5003,5310,8306,7021,4138,2181,1124,167,5,21625,1959,2888,2702,2707,4101,3777,2102,950,407,31,1,20997,1890,2630,2301,2603,4205,3244,2036,1231,717,136,4
2021,04,읍면동,경기도 파주시 금촌1동,22176,1092,1498,3450,2793,3245,4173,3194,1771,839,118,3,11782,558,793,1949,1639,1769,2360,1619,776,289,30,0,10394,534,705,1501,1154,1476,1813,1575,995,550,88,3
2021,04,읍면동,경기도 파주시 금촌2동,33064,3216,4248,4228,4364,5992,5308,2957,1757,874,116,4,16154,1642,2188,2125,2215,2859,2714,1355,719,313,22,2,16910,1574,2060,2103,2149,3133,2594,1602,1038,561,94,2
2021,04,읍면동,경기도 파주시 금촌3동,27470,2252,2743,3842,3593,4308,4769,3242,1716,886,117,2,14086,1117,1449,2113,1924,2222,2468,1633,781,346,32,1,13384,1135,1294,1729,1669,2086,2301,1609,935,540,85,1
2021,04,읍면동,경기도 파주시 문산읍 ,48326,4777,4765,5747,7553,7538,6994,5424,3455,1832,231,10,24747,2411,2457,3177,4177,4013,3649,2636,1491,648,84,4,23579,2366,2308,2570,3376,3525,3345,2788,1964,1184,147,6
2021,04,읍면동,경기도 파주시 법원읍 ,10500,328,695,1294,869,1158,2100,2047,1256,655,98,0,5612,180,372,810,495,666,1146,1100,595,217,31,0,4888,148,323,484,374,492,954,947,661,438,67,0
2021,04,읍면동,경기도 파주시 운정1동,49340,5265,6169,6026,7270,9467,7417,4422,2162,995,141,6,24177,2683,3069,2931,3614,4673,3690,2151,959,375,32,0,25163,2582,3100,3095,3656,4794,3727,2271,1203,620,109,6
2021,04,읍면동,경기도 파주시 운정2동,63002,8834,7609,6620,11586,12521,7692,4405,2450,1123,157,5,30763,4511,3850,3158,5728,6255,3816,1996,991,416,40,2,32239,4323,3759,3462,5858,6266,3876,2409,1459,707,117,3
2021,04,읍면동,경기도 파주시 운정3동,84710,9847,9994,10158,13644,16934,12004,6772,3529,1637,184,7,41502,5066,5115,4998,6685,8348,5948,3198,1470,623,50,1,43208,4781,4879,5160,6959,8586,6056,3574,2059,1014,134,6
2021,04,읍면동,경기도 파주시 월롱면 ,9012,185,277,1926,2163,999,1327,1165,577,340,53,0,5782,89,156,1180,1761,716,817,655,284,113,11,0,3230,96,121,746,402,283,510,510,293,227,42,0
2021,04,읍면동,경기도 파주시 장단출장소,553,18,31,53,48,70,106,97,85,42,3,0,281,8,13,27,22,49,54,54,34,18,2,0,272,10,18,26,26,21,52,43,51,24,1,0
2021,04,읍면동,경기도 파주시 적성면 ,7502,568,514,957,855,809,1184,1261,890,388,74,2,4062,290,298,613,487,465,643,678,413,156,19,0,3440,278,216,344,368,344,541,583,477,232,55,2
2021,04,읍면동,경기도 파주시 조리읍 ,29950,1716,2731,3701,2922,4475,5925,4600,2462,1245,162,11,15231,861,1368,2008,1602,2304,3105,2333,1126,479,42,3,14719,855,1363,1693,1320,2171,2820,2267,1336,766,120,8
2021,04,읍면동,경기도 파주시 진동면 ,164,5,14,3,10,17,30,30,33,19,3,0,90,2,5,3,6,7,20,16,18,11,2,0,74,3,9,0,4,10,10,14,15,8,1,0
2021,04,읍면동,경기도 파주시 탄현면 ,13303,628,997,1483,1456,2102,2591,2082,1169,678,110,7,7232,339,515,878,863,1192,1473,1132,558,258,24,0,6071,289,482,605,593,910,1118,950,611,420,86,7
2021,04,읍면동,경기도 파주시 파주읍 ,13253,617,814,1511,1336,1700,2545,2341,1400,851,130,8,7068,330,424,914,759,993,1460,1233,619,301,33,2,6185,287,390,597,577,707,1085,1108,781,550,97,6
2021,04,읍면동,경기도 파주시 파평면 ,3866,90,186,421,240,344,766,806,589,352,69,3,2035,51,97,280,143,199,434,414,272,128,14,3,1831,39,89,141,97,145,332,392,317,224,55,0
2021,04,시군,경기도 평택시 ,546154,49475,53687,75437,82548,94930,87997,57217,28435,14393,1944,91,283450,25200,27714,41533,45079,50721,46388,28768,12469,5095,458,25,262704,24275,25973,33904,37469,44209,41609,28449,15966,9298,1486,66
2021,04,읍면동,경기도 평택시 고덕면 ,25848,2912,2022,4000,5038,4152,3758,2276,1054,539,96,1,13721,1452,1009,2366,2779,2312,1950,1146,503,189,14,1,12127,1460,1013,1634,2259,1840,1808,1130,551,350,82,0
2021,04,읍면동,경기도 평택시 비전1동,87854,11278,9525,11694,16948,16731,11909,6084,2434,1103,144,4,44596,5753,4944,6040,8732,8576,6065,2992,1084,374,35,1,43258,5525,4581,5654,8216,8155,5844,3092,1350,729,109,3
2021,04,읍면동,경기도 평택시 비전2동,54123,5758,6200,7360,8091,9470,8717,5059,2211,1126,123,8,26843,2936,3255,3800,4057,4598,4287,2499,931,446,33,1,27280,2822,2945,3560,4034,4872,4430,2560,1280,680,90,7
2021,04,읍면동,경기도 평택시 서정동 ,25341,1277,2287,3697,3058,4079,4826,3321,1805,877,110,4,12823,636,1178,2015,1737,2166,2432,1568,744,308,37,2,12518,641,1109,1682,1321,1913,2394,1753,1061,569,73,2
2021,04,읍면동,경기도 평택시 서탄면 ,3661,116,202,348,339,470,668,754,468,266,30,0,2006,56,120,224,193,307,379,415,217,88,7,0,1655,60,82,124,146,163,289,339,251,178,23,0
2021,04,읍면동,경기도 평택시 세교동 ,29421,2609,2900,4449,4335,4674,5360,3015,1304,689,85,1,14818,1358,1472,2340,2310,2368,2660,1509,540,243,18,0,14603,1251,1428,2109,2025,2306,2700,1506,764,446,67,1
2021,04,읍면동,경기도 평택시 송북동 ,22044,1602,2192,2914,2621,3716,4039,2806,1373,668,101,12,11051,805,1112,1596,1324,1931,2048,1398,567,236,28,6,10993,797,1080,1318,1297,1785,1991,1408,806,432,73,6
2021,04,읍면동,경기도 평택시 송탄동 ,20094,2354,1833,2641,3401,3677,3236,1804,724,364,59,1,10504,1208,909,1454,1776,2029,1679,970,328,139,12,0,9590,1146,924,1187,1625,1648,1557,834,396,225,47,1
2021,04,읍면동,경기도 평택시 신장1동,7015,581,489,1026,1234,1155,1061,744,456,235,33,1,3640,299,253,569,674,646,564,376,168,83,7,1,3375,282,236,457,560,509,497,368,288,152,26,0
2021,04,읍면동,경기도 평택시 신장2동,5708,165,275,708,642,773,991,1010,691,367,63,23,2906,90,154,391,397,469,526,469,261,124,15,10,2802,75,121,317,245,304,465,541,430,243,48,13
2021,04,읍면동,경기도 평택시 신평동 ,22697,1014,1719,3966,2914,3413,4211,3061,1574,743,80,2,11734,527,911,2150,1693,1808,2161,1500,684,280,20,0,10963,487,808,1816,1221,1605,2050,1561,890,463,60,2
2021,04,읍면동,경기도 평택시 안중읍 ,43580,3872,5771,5866,5559,8503,6996,3916,1941,1014,139,3,22468,1912,2918,3167,3053,4354,3845,2002,836,351,30,0,21112,1960,2853,2699,2506,4149,3151,1914,1105,663,109,3
2021,04,읍면동,경기도 평택시 오성면 ,6684,306,481,697,620,883,1273,1203,698,458,64,1,3594,174,244,410,383,537,730,624,316,155,21,0,3090,132,237,287,237,346,543,579,382,303,43,1
2021,04,읍면동,경기도 평택시 용이동 ,25552,3397,3155,3517,4724,5179,3246,1516,539,244,35,0,13393,1805,1633,1876,2502,2737,1735,778,244,77,6,0,12159,1592,1522,1641,2222,2442,1511,738,295,167,29,0
2021,04,읍면동,경기도 평택시 원평동 ,10508,515,639,1627,1460,1546,1856,1534,860,422,48,1,5475,250,331,919,865,820,990,759,373,158,10,0,5033,265,308,708,595,726,866,775,487,264,38,1
2021,04,읍면동,경기도 평택시 중앙동 ,43979,2828,4830,7246,5373,7512,8142,4628,2218,1067,131,4,22650,1421,2487,4095,3048,3831,4164,2277,951,345,31,0,21329,1407,2343,3151,2325,3681,3978,2351,1267,722,100,4
2021,04,읍면동,경기도 평택시 지산동 ,12711,695,885,2523,2273,2111,1953,1226,699,309,35,2,6938,333,437,1444,1395,1211,1068,633,290,121,6,0,5773,362,448,1079,878,900,885,593,409,188,29,2
2021,04,읍면동,경기도 평택시 진위면 ,11303,483,819,1479,1363,1653,2097,1830,1020,496,62,1,6235,239,438,916,870,987,1152,962,482,175,14,0,5068,244,381,563,493,666,945,868,538,321,48,1
2021,04,읍면동,경기도 평택시 청북읍 ,27051,4006,3248,2408,4844,5528,2984,2256,1093,568,112,4,14313,2071,1677,1341,2513,3131,1695,1134,538,189,24,0,12738,1935,1571,1067,2331,2397,1289,1122,555,379,88,4
2021,04,읍면동,경기도 평택시 통복동 ,4095,127,215,613,426,519,791,744,445,188,26,1,2132,61,123,352,259,285,425,356,194,70,7,0,1963,66,92,261,167,234,366,388,251,118,19,1
2021,04,읍면동,경기도 평택시 팽성읍 ,27593,1596,1787,3081,3080,4001,5008,4572,2729,1547,182,10,14369,821,932,1762,1739,2235,2788,2289,1191,569,40,3,13224,775,855,1319,1341,1766,2220,2283,1538,978,142,7
2021,04,읍면동,경기도 평택시 포승읍 ,24062,1841,1925,3144,3864,4583,3913,2719,1316,639,114,4,14471,913,1031,2044,2580,3002,2482,1524,647,219,29,0,9591,928,894,1100,1284,1581,1431,1195,669,420,85,4
2021,04,읍면동,경기도 평택시 현덕면 ,5230,143,288,433,341,602,962,1139,783,464,72,3,2770,80,146,262,200,381,563,588,380,156,14,0,2460,63,142,171,141,221,399,551,403,308,58,3
2021,04,시군,경기도 포천시 ,147317,8326,11982,17932,14582,20095,29012,25405,12357,6635,955,36,78102,4289,6272,10426,8159,10802,15973,13770,5757,2411,230,13,69215,4037,5710,7506,6423,9293,13039,11635,6600,4224,725,23
2021,04,읍면동,경기도 포천시 가산면 ,7629,202,397,782,614,846,1861,1699,719,437,70,2,4495,101,207,466,391,555,1175,1032,375,179,13,1,3134,101,190,316,223,291,686,667,344,258,57,1
2021,04,읍면동,경기도 포천시 관인면 ,2778,55,144,233,125,253,521,684,479,258,25,1,1453,23,70,148,86,154,276,363,227,100,5,1,1325,32,74,85,39,99,245,321,252,158,20,0
2021,04,읍면동,경기도 포천시 군내면 ,8638,592,555,946,1098,1135,1590,1551,714,393,64,0,4640,298,281,554,612,639,872,874,357,140,13,0,3998,294,274,392,486,496,718,677,357,253,51,0
2021,04,읍면동,경기도 포천시 내촌면 ,4587,106,184,440,341,514,1128,1069,491,282,31,1,2636,62,102,271,211,325,665,641,235,119,4,1,1951,44,82,169,130,189,463,428,256,163,27,0
2021,04,읍면동,경기도 포천시 선단동 ,14421,687,1146,1957,1378,2191,3260,2324,928,490,56,4,7790,371,601,1115,765,1213,1831,1278,438,161,16,1,6631,316,545,842,613,978,1429,1046,490,329,40,3
2021,04,읍면동,경기도 포천시 소흘읍 ,44717,2875,4896,5931,4432,7216,9103,6168,2587,1308,195,6,22825,1469,2546,3213,2272,3582,4814,3242,1190,457,38,2,21892,1406,2350,2718,2160,3634,4289,2926,1397,851,157,4
2021,04,읍면동,경기도 포천시 신북면 ,12350,608,932,1446,1179,1610,2467,2374,1071,561,96,6,6809,327,515,874,692,879,1449,1325,507,212,28,1,5541,281,417,572,487,731,1018,1049,564,349,68,5
2021,04,읍면동,경기도 포천시 영북면 ,8221,609,439,975,964,847,1247,1505,969,570,94,2,4443,320,224,676,586,492,697,786,417,220,23,2,3778,289,215,299,378,355,550,719,552,350,71,0
2021,04,읍면동,경기도 포천시 영중면 ,4788,176,234,412,288,501,976,1126,662,362,49,2,2605,96,116,252,169,319,570,633,299,132,18,1,2183,80,118,160,119,182,406,493,363,230,31,1
2021,04,읍면동,경기도 포천시 이동면 ,6245,516,357,862,882,625,882,1062,673,351,35,0,3410,260,172,598,530,364,482,555,318,122,9,0,2835,256,185,264,352,261,400,507,355,229,26,0
2021,04,읍면동,경기도 포천시 일동면 ,9387,472,676,966,858,1179,1561,1878,1075,607,109,6,4887,244,360,603,511,654,832,952,497,204,28,2,4500,228,316,363,347,525,729,926,578,403,81,4
2021,04,읍면동,경기도 포천시 창수면 ,2148,42,73,185,121,191,377,586,347,205,20,1,1205,28,45,127,81,112,226,327,164,88,7,0,943,14,28,58,40,79,151,259,183,117,13,1
2021,04,읍면동,경기도 포천시 포천동 ,18656,1198,1800,2488,1954,2723,3590,2830,1348,637,84,4,9452,601,964,1355,1055,1358,1844,1448,585,221,20,1,9204,597,836,1133,899,1365,1746,1382,763,416,64,3
2021,04,읍면동,경기도 포천시 화현면 ,2752,188,149,309,348,264,449,549,294,174,27,1,1452,89,69,174,198,156,240,314,148,56,8,0,1300,99,80,135,150,108,209,235,146,118,19,1
2021,04,읍면동,경기도 풍양출장소 ,0,0,0,0,0,0,0,0,0,0,0,0,0,0,0,0,0,0,0,0,0,0,0,0,0,0,0,0,0,0,0,0,0,0,0,0
2021,04,시군,경기도 하남시 ,301801,30550,26183,37539,50942,53384,43182,36509,16511,5905,1036,60,151429,15665,13263,19015,25794,27944,21554,17627,8238,2087,228,14,150372,14885,12920,18524,25148,25440,21628,18882,8273,3818,808,46
2021,04,읍면동,경기도 하남시 감북동 ,2778,81,144,343,374,382,577,507,244,108,17,1,1545,45,74,207,232,224,315,281,121,39,7,0,1233,36,70,136,142,158,262,226,123,69,10,1
2021,04,읍면동,경기도 하남시 감일동 ,21726,3000,1998,2614,4233,3776,2876,2004,833,319,66,7,10923,1574,1014,1316,2050,1957,1457,1009,433,95,17,1,10803,1426,984,1298,2183,1819,1419,995,400,224,49,6
2021,04,읍면동,경기도 하남시 덕풍1동,16001,990,1073,2130,2291,2210,2825,2728,1247,446,57,4,8107,502,576,1180,1239,1154,1337,1303,621,181,12,2,7894,488,497,950,1052,1056,1488,1425,626,265,45,2
2021,04,읍면동,경기도 하남시 덕풍2동,19376,1113,1146,2549,2965,2560,3421,3438,1511,575,94,4,9749,564,589,1394,1614,1333,1680,1658,721,183,11,2,9627,549,557,1155,1351,1227,1741,1780,790,392,83,2
2021,04,읍면동,경기도 하남시 덕풍3동,25755,2116,2529,3144,3357,4448,4184,3490,1739,640,104,4,12810,1131,1276,1683,1718,2216,2057,1633,832,241,23,0,12945,985,1253,1461,1639,2232,2127,1857,907,399,81,4
2021,04,읍면동,경기도 하남시 미사1동,50651,4906,3974,9105,11825,9339,5353,3787,1723,525,111,3,25410,2551,1945,4123,6263,4971,2730,1736,891,175,25,0,25241,2355,2029,4982,5562,4368,2623,2051,832,350,86,3
2021,04,읍면동,경기도 하남시 미사2동,47990,6627,5266,4033,7587,10554,5855,4860,2346,721,136,5,23635,3375,2668,2039,3471,5510,2905,2250,1173,214,30,0,24355,3252,2598,1994,4116,5044,2950,2610,1173,507,106,5
2021,04,읍면동,경기도 하남시 신장1동,6652,304,402,981,1014,929,1207,1059,522,202,30,2,3421,153,214,518,595,519,615,506,228,68,5,0,3231,151,188,463,419,410,592,553,294,134,25,2
2021,04,읍면동,경기도 하남시 신장2동,44963,3720,3780,5139,6544,7111,7023,6861,3407,1192,177,9,22266,1917,1952,2652,3352,3610,3364,3237,1678,457,44,3,22697,1803,1828,2487,3192,3501,3659,3624,1729,735,133,6
2021,04,읍면동,경기도 하남시 위례동 ,20670,2639,2105,2295,3453,4095,3053,2135,666,192,36,1,10117,1317,1031,1143,1565,2086,1448,1083,368,65,11,0,10553,1322,1074,1152,1888,2009,1605,1052,298,127,25,1
2021,04,읍면동,경기도 하남시 천현동 ,7641,343,412,949,1019,1013,1439,1539,606,257,56,8,4228,169,222,550,606,623,822,823,301,97,12,3,3413,174,190,399,413,390,617,716,305,160,44,5
2021,04,읍면동,경기도 하남시 초이동 ,3636,160,176,477,472,450,731,718,297,141,13,1,2071,77,91,274,297,285,429,404,157,53,4,0,1565,83,85,203,175,165,302,314,140,88,9,1
2021,04,읍면동,경기도 하남시 춘궁동 ,3993,128,201,486,434,532,783,784,403,206,33,3,2246,67,111,273,263,320,490,433,195,89,4,1,1747,61,90,213,171,212,293,351,208,117,29,2
2021,04,읍면동,경기도 하남시 풍산동 ,29969,4423,2977,3294,5374,5985,3855,2599,967,381,106,8,14901,2223,1500,1663,2529,3136,1905,1271,519,130,23,2,15068,2200,1477,1631,2845,2849,1950,1328,448,251,83,6
2021,04,시군,경기도 화성시 ,864687,103071,97937,106675,150419,166670,117230,73311,32290,14874,2130,80,449184,52644,50022,57918,78384,88836,63091,37385,15099,5345,443,17,415503,50427,47915,48757,72035,77834,54139,35926,17191,9529,1687,63
2021,04,읍면동,경기도 화성시 기배동 ,13570,1254,1781,1715,1510,2636,2274,1413,696,255,35,1,6953,642,920,936,789,1349,1198,692,326,96,5,0,6617,612,861,779,721,1287,1076,721,370,159,30,1
2021,04,읍면동,경기도 화성시 남양읍 ,42229,4089,3577,5756,7198,6903,6569,4878,2117,963,174,5,23070,2118,1839,3410,4196,3943,3571,2563,1043,353,34,0,19159,1971,1738,2346,3002,2960,2998,2315,1074,610,140,5
2021,04,읍면동,경기도 화성시 동탄1동,51326,6214,6888,8107,9555,10261,6503,2422,950,378,47,1,26479,3141,3538,4392,4854,5130,3577,1233,455,147,12,0,24847,3073,3350,3715,4701,5131,2926,1189,495,231,35,1
2021,04,읍면동,경기도 화성시 동탄2동,35584,4148,6576,3742,4061,8748,4792,2064,1028,387,35,3,17535,2125,3293,1912,1821,4260,2551,975,437,156,4,1,18049,2023,3283,1830,2240,4488,2241,1089,591,231,31,2
2021,04,읍면동,경기도 화성시 동탄3동,42119,5663,5311,6388,8218,8460,4271,2139,1175,434,59,1,21730,2924,2754,3524,4296,4343,2254,941,506,169,19,0,20389,2739,2557,2864,3922,4117,2017,1198,669,265,40,1
2021,04,읍면동,경기도 화성시 동탄4동,52936,8904,9013,4209,8839,13294,5548,2055,754,274,46,0,26363,4526,4561,2107,3816,6815,3067,1038,341,86,6,0,26573,4378,4452,2102,5023,6479,2481,1017,413,188,40,0
2021,04,읍면동,경기도 화성시 동탄5동,43308,6285,4264,5298,10650,8328,4327,2624,1068,402,60,2,21813,3234,2180,2587,5415,4348,2212,1198,498,130,11,0,21495,3051,2084,2711,5235,3980,2115,1426,570,272,49,2
2021,04,읍면동,경기도 화성시 동탄6동,32606,4741,3177,4644,7639,6300,3485,1750,591,234,44,1,16892,2418,1644,2363,3994,3400,1837,879,270,78,9,0,15714,2323,1533,2281,3645,2900,1648,871,321,156,35,1
2021,04,읍면동,경기도 화성시 동탄7동,84738,14497,9407,8701,19032,17431,8920,4725,1447,497,78,3,42492,7396,4799,4355,9276,9125,4358,2297,730,140,14,2,42246,7101,4608,4346,9756,8306,4562,2428,717,357,64,1
2021,04,읍면동,경기도 화성시 동탄8동,28314,5137,2514,2841,7547,5300,2614,1663,478,188,32,0,14275,2609,1254,1402,3785,2865,1264,793,237,62,4,0,14039,2528,1260,1439,3762,2435,1350,870,241,126,28,0
2021,04,읍면동,경기도 화성시 마도면 ,6930,249,393,750,761,996,1423,1243,709,352,50,4,4143,139,215,491,512,692,879,703,367,135,10,0,2787,110,178,259,249,304,544,540,342,217,40,4
2021,04,읍면동,경기도 화성시 매송면 ,7099,267,472,805,634,921,1499,1340,733,379,49,0,3767,137,256,458,366,528,837,708,327,138,12,0,3332,130,216,347,268,393,662,632,406,241,37,0
2021,04,읍면동,경기도 화성시 반월동 ,32203,4213,3997,4051,5671,6063,4510,2581,746,322,48,1,16280,2135,2072,2121,2824,3126,2204,1325,370,95,8,0,15923,2078,1925,1930,2847,2937,2306,1256,376,227,40,1
2021,04,읍면동,경기도 화성시 병점1동,32913,3376,3485,5608,5711,5783,4497,2665,1251,472,65,0,16923,1769,1786,3123,3011,2954,2253,1295,537,185,10,0,15990,1607,1699,2485,2700,2829,2244,1370,714,287,55,0
2021,04,읍면동,경기도 화성시 병점2동,24146,2343,3924,3006,2900,5326,3340,1799,1014,439,54,1,11753,1190,1955,1543,1415,2559,1730,803,404,146,8,0,12393,1153,1969,1463,1485,2767,1610,996,610,293,46,1
2021,04,읍면동,경기도 화성시 봉담읍 ,82025,8161,9841,10315,11343,15863,12611,8327,3768,1553,228,15,41662,4054,4897,5514,5774,8222,6676,4169,1759,547,47,3,40363,4107,4944,4801,5569,7641,5935,4158,2009,1006,181,12
2021,04,읍면동,경기도 화성시 비봉면 ,5815,219,322,596,502,690,1183,1187,645,389,80,2,3292,120,177,354,313,438,702,699,320,153,15,1,2523,99,145,242,189,252,481,488,325,236,65,1
2021,04,읍면동,경기도 화성시 새솔동 ,21840,4010,2172,2348,4752,4234,2693,1224,261,128,18,0,10968,1973,1077,1215,2341,2225,1313,650,129,41,4,0,10872,2037,1095,1133,2411,2009,1380,574,132,87,14,0
2021,04,읍면동,경기도 화성시 서신면 ,7093,166,289,546,516,800,1580,1735,838,538,83,2,3918,83,155,351,308,494,919,956,420,213,19,0,3175,83,134,195,208,306,661,779,418,325,64,2
2021,04,읍면동,경기도 화성시 송산면 ,10915,450,786,990,898,1409,2110,2166,1230,732,137,7,5898,227,431,579,546,816,1222,1171,584,287,35,0,5017,223,355,411,352,593,888,995,646,445,102,7
2021,04,읍면동,경기도 화성시 양감면 ,3985,95,161,396,370,473,895,886,414,265,29,1,2452,56,87,272,257,337,593,537,215,91,7,0,1533,39,74,124,113,136,302,349,199,174,22,1
2021,04,읍면동,경기도 화성시 우정읍 ,17381,884,1436,1778,1572,2747,3525,2858,1607,857,114,3,9473,473,735,1080,944,1629,2025,1494,760,304,29,0,7908,411,701,698,628,1118,1500,1364,847,553,85,3
2021,04,읍면동,경기도 화성시 장안면 ,10280,375,600,1041,897,1292,2135,2120,1082,674,63,1,5917,211,331,633,575,846,1345,1184,510,264,17,1,4363,164,269,408,322,446,790,936,572,410,46,0
2021,04,읍면동,경기도 화성시 정남면 ,11407,402,739,1350,1168,1607,2399,2071,1008,568,88,7,6604,210,400,842,779,1024,1465,1173,489,205,15,2,4803,192,339,508,389,583,934,898,519,363,73,5
2021,04,읍면동,경기도 화성시 진안동 ,43737,4308,3901,7115,8765,7845,5943,3588,1538,648,84,2,23616,2195,2001,4134,4987,4427,3134,1799,679,241,18,1,20121,2113,1900,2981,3778,3418,2809,1789,859,407,66,1
2021,04,읍면동,경기도 화성시 팔탄면 ,9930,312,465,974,1016,1450,2294,1978,842,512,83,4,6007,167,241,651,692,969,1514,1141,423,188,21,0,3923,145,224,323,324,481,780,837,419,324,62,4
2021,04,읍면동,경기도 화성시 향남읍 ,87197,10571,10225,10505,15791,17579,11171,6759,2956,1456,178,6,46720,5486,5238,5788,8898,9791,6229,3419,1325,504,38,4,40477,5085,4987,4717,6893,7788,4942,3340,1631,952,140,2
2021,04,읍면동,경기도 화성시 화산동 ,23061,1738,2221,3100,2903,3931,4119,3051,1344,578,69,7,12189,886,1186,1781,1600,2181,2162,1550,638,191,12,2,10872,852,1035,1319,1303,1750,1957,1501,706,387,57,5
2021,04,읍면동,경기도 화성시동부출장소 ,0,0,0,0,0,0,0,0,0,0,0,0,0,0,0,0,0,0,0,0,0,0,0,0,0,0,0,0,0,0,0,0,0,0,0,0
2021,04,읍면동,경기도 화성시동탄출장소 ,0,0,0,0,0,0,0,0,0,0,0,0,0,0,0,0,0,0,0,0,0,0,0,0,0,0,0,0,0,0,0,0,0,0,0,0
2021,03,도,경기도,13465837,1134030,1325112,1811928,1902623,2298082,2241613,1574976,767454,355003,52598,2418,6776866,580656,681134,954223,981307,1169016,1136118,783261,348918,129226,12419,588,6688971,553374,643978,857705,921316,1129066,1105495,791715,418536,225777,40179,1830
2021,03,읍면동,경기도 가평군 ,62049,3291,4522,6220,5628,7813,11234,12284,6810,3696,518,33,32009,1651,2385,3591,3059,4205,5961,6353,3234,1421,138,11,30040,1640,2137,2629,2569,3608,5273,5931,3576,2275,380,22
2021,03,읍면동,경기도 가평군 가평읍 ,19420,1130,1658,2220,1865,2627,3417,3311,1929,1095,152,16,9895,576,902,1216,985,1409,1813,1668,873,407,42,4,9525,554,756,1004,880,1218,1604,1643,1056,688,110,12
2021,03,읍면동,경기도 가평군 북면,3885,148,200,246,263,388,711,988,559,331,47,4,1992,63,107,141,147,223,395,506,274,123,12,1,1893,85,93,105,116,165,316,482,285,208,35,3
2021,03,읍면동,경기도 가평군 상면,5566,150,241,528,381,556,1118,1420,736,385,49,2,2931,73,141,352,213,319,568,737,373,142,12,1,2635,77,100,176,168,237,550,683,363,243,37,1
2021,03,읍면동,경기도 가평군 설악면 ,9583,539,776,901,816,1111,1717,2040,985,583,112,3,4922,266,376,505,453,570,918,1071,499,233,29,2,4661,273,400,396,363,541,799,969,486,350,83,1
2021,03,읍면동,경기도 가평군 조종면 ,9639,695,660,1021,1135,1220,1626,1793,961,477,47,4,5121,351,344,632,631,661,851,991,455,191,13,1,4518,344,316,389,504,559,775,802,506,286,34,3
2021,03,읍면동,경기도 가평군 청평면 ,13956,629,987,1304,1168,1911,2645,2732,1640,825,111,4,7148,322,515,745,630,1023,1416,1380,760,325,30,2,6808,307,472,559,538,888,1229,1352,880,500,81,2
2021,03,시군,경기도 고양시 ,1080845,81455,103975,150167,143290,181155,195166,124986,61861,33687,4917,186,529227,41612,53223,76955,71099,87711,96054,62587,26515,12181,1241,49,551618,39843,50752,73212,72191,93444,99112,62399,35346,21506,3676,137
2021,03,구,경기도 고양시 덕양구 ,479323,38523,41307,62755,68428,78762,83160,58562,30350,15304,2078,94,236865,19681,21103,32476,34476,39469,41453,28969,13124,5579,512,23,242458,18842,20204,30279,33952,39293,41707,29593,17226,9725,1566,71
2021,03,읍면동,경기도 고양시 덕양구 고양동,30162,2148,3100,3579,3231,5209,5097,4116,2449,1087,140,6,15139,1088,1637,1913,1664,2637,2686,1980,1071,418,44,1,15023,1060,1463,1666,1567,2572,2411,2136,1378,669,96,5
2021,03,읍면동,경기도 고양시 덕양구 관산동,36647,2103,2819,4335,4090,5710,6948,5901,3109,1422,201,9,18591,1086,1467,2389,2190,3012,3564,2897,1406,538,39,3,18056,1017,1352,1946,1900,2698,3384,3004,1703,884,162,6
2021,03,읍면동,경기도 고양시 덕양구 능곡동,15584,894,1195,2117,1827,2204,3150,2370,1155,580,91,1,8002,482,635,1170,975,1109,1609,1238,532,234,18,0,7582,412,560,947,852,1095,1541,1132,623,346,73,1
2021,03,읍면동,경기도 고양시 덕양구 대덕동,2457,85,127,407,264,292,458,443,253,110,14,4,1419,44,69,251,166,168,285,264,121,47,3,1,1038,41,58,156,98,124,173,179,132,63,11,3
2021,03,읍면동,경기도 고양시 덕양구 삼송동,23850,2403,1548,2798,4587,3999,3421,2799,1568,656,68,3,11521,1185,810,1331,2265,2022,1596,1337,715,245,14,1,12329,1218,738,1467,2322,1977,1825,1462,853,411,54,2
2021,03,읍면동,경기도 고양시 덕양구 성사1동 ,21844,1277,1820,2998,2531,3431,4240,3024,1585,812,116,10,10869,657,977,1572,1308,1747,2168,1461,651,305,22,1,10975,620,843,1426,1223,1684,2072,1563,934,507,94,9
2021,03,읍면동,경기도 고양시 덕양구 성사2동 ,11417,617,1032,1475,1260,1708,2110,1643,942,564,62,4,5520,308,533,805,648,802,1004,804,399,203,13,1,5897,309,499,670,612,906,1106,839,543,361,49,3
2021,03,읍면동,경기도 고양시 덕양구 원신동,23580,3045,2001,2230,3947,4283,3299,2819,1332,548,76,0,11341,1511,965,1149,1820,2190,1560,1315,611,200,20,0,12239,1534,1036,1081,2127,2093,1739,1504,721,348,56,0
2021,03,읍면동,경기도 고양시 덕양구 주교동,14935,555,1153,2102,1531,2106,3163,2398,1225,616,82,4,7708,304,630,1171,872,1095,1662,1222,526,206,18,2,7227,251,523,931,659,1011,1501,1176,699,410,64,2
2021,03,읍면동,경기도 고양시 덕양구 창릉동,21719,2626,1583,2404,4862,3819,2718,2171,1050,411,72,3,10825,1366,810,1156,2407,1970,1367,1075,498,153,23,0,10894,1260,773,1248,2455,1849,1351,1096,552,258,49,3
2021,03,읍면동,경기도 고양시 덕양구 행신1동 ,21974,1326,2043,3079,2692,3483,4265,2857,1365,760,99,5,10726,723,993,1579,1417,1658,2068,1457,530,278,22,1,11248,603,1050,1500,1275,1825,2197,1400,835,482,77,4
2021,03,읍면동,경기도 고양시 덕양구 행신2동 ,32177,2220,2771,4913,4874,4919,5927,3535,1827,1051,133,7,15809,1139,1412,2588,2498,2356,2874,1811,744,352,34,1,16368,1081,1359,2325,2376,2563,3053,1724,1083,699,99,6
2021,03,읍면동,경기도 고양시 덕양구 행신3동 ,45803,2648,4805,6943,5075,7333,9292,5336,2615,1520,234,2,22240,1357,2409,3620,2558,3485,4551,2631,1088,484,56,1,23563,1291,2396,3323,2517,3848,4741,2705,1527,1036,178,1
2021,03,읍면동,경기도 고양시 덕양구 행주동,19078,711,1211,2845,2286,2695,4010,3035,1421,747,114,3,9976,386,635,1553,1301,1470,2175,1568,604,265,18,1,9102,325,576,1292,985,1225,1835,1467,817,482,96,2
2021,03,읍면동,경기도 고양시 덕양구 화전동,27342,3899,1750,2999,6094,4769,3378,2653,1176,520,98,6,13600,1981,858,1498,2971,2553,1685,1271,570,186,26,1,13742,1918,892,1501,3123,2216,1693,1382,606,334,72,5
2021,03,읍면동,경기도 고양시 덕양구 화정1동 ,37897,1943,3616,6187,4280,5757,7553,4293,2530,1545,181,12,18457,1003,1879,3119,2202,2700,3704,2169,1000,614,64,3,19440,940,1737,3068,2078,3057,3849,2124,1530,931,117,9
2021,03,읍면동,경기도 고양시 덕양구 화정2동 ,33223,2578,3699,4635,4281,6113,5820,3186,1709,1066,133,3,16115,1330,1899,2345,2116,2830,2879,1625,658,394,38,1,17108,1248,1800,2290,2165,3283,2941,1561,1051,672,95,2
2021,03,읍면동,경기도 고양시 덕양구 효자동,13343,2037,979,1552,2901,2338,1668,1112,491,227,30,8,6496,1021,447,714,1384,1249,823,543,229,74,8,4,6847,1016,532,838,1517,1089,845,569,262,153,22,4
2021,03,읍면동,경기도 고양시 덕양구 흥도동,46291,5408,4055,5157,7815,8594,6643,4871,2548,1062,134,4,22511,2710,2038,2553,3714,4416,3193,2301,1171,383,32,0,23780,2698,2017,2604,4101,4178,3450,2570,1377,679,102,4
2021,03,구,경기도 고양시 일산동구,300350,20712,29329,44905,38654,50948,55949,33828,15621,8926,1433,45,146157,10595,15155,22631,18884,24169,27299,17109,6740,3206,353,16,154193,10117,14174,22274,19770,26779,28650,16719,8881,5720,1080,29
2021,03,읍면동,경기도 고양시 일산동구 고봉동 ,23186,1385,1522,2971,2983,3484,4567,3569,1643,872,186,4,12149,712,826,1700,1626,1879,2425,1864,781,310,24,2,11037,673,696,1271,1357,1605,2142,1705,862,562,162,2
2021,03,읍면동,경기도 고양시 일산동구 마두1동,24226,1407,3246,3752,2291,4141,4725,2656,1157,721,125,5,11661,716,1658,1882,1053,1851,2326,1392,500,251,31,1,12565,691,1588,1870,1238,2290,2399,1264,657,470,94,4
2021,03,읍면동,경기도 고양시 일산동구 마두2동,16549,1216,2195,2262,1577,2932,3110,1615,838,697,105,2,7848,620,1127,1144,687,1288,1528,822,344,251,36,1,8701,596,1068,1118,890,1644,1582,793,494,446,69,1
2021,03,읍면동,경기도 고양시 일산동구 백석1동,30774,2002,2698,4935,4543,5008,5711,3469,1493,810,100,5,14661,1018,1380,2423,2231,2322,2674,1682,604,302,23,2,16113,984,1318,2512,2312,2686,3037,1787,889,508,77,3
2021,03,읍면동,경기도 고양시 일산동구 백석2동,20910,886,1317,3464,3351,3696,3876,2376,1156,683,100,5,10081,437,688,1603,1631,1809,1981,1200,496,212,24,0,10829,449,629,1861,1720,1887,1895,1176,660,471,76,5
2021,03,읍면동,경기도 고양시 일산동구 식사동 ,36822,3644,4858,4985,4155,7264,6532,3176,1402,692,109,5,17930,1875,2504,2491,1865,3382,3287,1654,593,249,28,2,18892,1769,2354,2494,2290,3882,3245,1522,809,443,81,3
2021,03,읍면동,경기도 고양시 일산동구 장항1동,11262,1376,969,1241,1830,2046,1940,1195,458,170,36,1,5779,738,506,649,871,1042,1004,653,242,68,6,0,5483,638,463,592,959,1004,936,542,216,102,30,1
2021,03,읍면동,경기도 고양시 일산동구 장항2동,26966,1078,1562,5077,4828,4772,4847,2579,1263,843,111,6,13110,557,790,2337,2459,2314,2402,1358,514,341,34,4,13856,521,772,2740,2369,2458,2445,1221,749,502,77,2
2021,03,읍면동,경기도 고양시 일산동구 정발산동,23588,1230,2075,3997,2912,3566,4480,3031,1437,748,109,3,11402,647,1045,2072,1511,1646,2073,1472,641,266,27,2,12186,583,1030,1925,1401,1920,2407,1559,796,482,82,1
2021,03,읍면동,경기도 고양시 일산동구 중산동 ,47080,3363,4426,6847,5485,7327,9152,5841,2737,1614,281,7,22752,1701,2322,3613,2689,3489,4243,2893,1169,559,72,2,24328,1662,2104,3234,2796,3838,4909,2948,1568,1055,209,5
2021,03,읍면동,경기도 고양시 일산동구 풍산동 ,38987,3125,4461,5374,4699,6712,7009,4321,2037,1076,171,2,18784,1574,2309,2717,2261,3147,3356,2119,856,397,48,0,20203,1551,2152,2657,2438,3565,3653,2202,1181,679,123,2
2021,03,구,경기도 고양시 일산서구,301172,22220,33339,42507,36208,51445,56057,32596,15890,9457,1406,47,146205,11336,16965,21848,17739,24073,27302,16509,6651,3396,376,10,154967,10884,16374,20659,18469,27372,28755,16087,9239,6061,1030,37
2021,03,읍면동,경기도 고양시 일산서구 대화동 ,36482,2281,3012,6345,5328,5616,6841,4083,1843,980,145,8,17702,1164,1592,3060,2732,2665,3265,2044,804,335,38,3,18780,1117,1420,3285,2596,2951,3576,2039,1039,645,107,5
2021,03,읍면동,경기도 고양시 일산서구 송산동 ,51784,4507,6296,6674,5715,9706,9480,5461,2501,1248,191,5,25564,2285,3163,3517,2709,4651,4859,2769,1096,477,38,0,26220,2222,3133,3157,3006,5055,4621,2692,1405,771,153,5
2021,03,읍면동,경기도 고양시 일산서구 송포동 ,21867,1663,2263,3094,2906,3738,4028,2376,1116,601,79,3,10791,813,1162,1680,1394,1764,1997,1201,507,251,20,2,11076,850,1101,1414,1512,1974,2031,1175,609,350,59,1
2021,03,읍면동,경기도 고양시 일산서구 일산1동,27446,1948,2639,3960,3180,4251,5220,3371,1810,935,126,6,13270,979,1303,2055,1600,2009,2504,1659,766,360,35,0,14176,969,1336,1905,1580,2242,2716,1712,1044,575,91,6
2021,03,읍면동,경기도 고양시 일산서구 일산2동,18603,901,1470,2733,1930,2528,4167,2819,1248,700,103,4,9241,436,785,1438,988,1260,2054,1463,537,254,26,0,9362,465,685,1295,942,1268,2113,1356,711,446,77,4
2021,03,읍면동,경기도 고양시 일산서구 일산3동,35790,2601,5741,4741,3515,7062,6549,3216,1365,841,154,5,17383,1376,2936,2438,1704,3129,3185,1706,569,298,41,1,18407,1225,2805,2303,1811,3933,3364,1510,796,543,113,4
2021,03,읍면동,경기도 고양시 일산서구 주엽1동,28086,1822,3194,3784,3293,4619,5030,3179,1708,1277,172,8,13139,927,1591,1948,1548,2039,2349,1565,672,441,56,3,14947,895,1603,1836,1745,2580,2681,1614,1036,836,116,5
2021,03,읍면동,경기도 고양시 일산서구 주엽2동,29235,1979,3207,3792,3292,4792,5213,3313,1965,1458,218,6,13692,1034,1606,1908,1583,2180,2414,1651,758,490,67,1,15543,945,1601,1884,1709,2612,2799,1662,1207,968,151,5
2021,03,읍면동,경기도 고양시 일산서구 탄현동 ,51879,4518,5517,7384,7049,9133,9529,4778,2334,1417,218,2,25423,2322,2827,3804,3481,4376,4675,2451,942,490,55,0,26456,2196,2690,3580,3568,4757,4854,2327,1392,927,163,2
2021,03,시군,경기도 과천시 ,68399,5890,6722,9201,9604,10330,11918,8349,3931,2022,395,37,33581,3064,3470,4835,4809,4995,5751,4065,1751,741,91,9,34818,2826,3252,4366,4795,5335,6167,4284,2180,1281,304,28
2021,03,읍면동,경기도 과천시 갈현동 ,14498,1722,1777,1637,1920,2650,2321,1422,668,326,51,4,7036,897,883,836,865,1298,1144,699,269,131,14,0,7462,825,894,801,1055,1352,1177,723,399,195,37,4
2021,03,읍면동,경기도 과천시 과천동 ,9451,626,581,1291,1607,1405,1541,1398,684,278,40,0,4951,314,323,718,924,764,763,689,336,108,12,0,4500,312,258,573,683,641,778,709,348,170,28,0
2021,03,읍면동,경기도 과천시 문원동 ,7720,544,845,1013,944,1231,1341,933,574,238,46,11,3774,292,453,540,496,590,666,407,244,76,7,3,3946,252,392,473,448,641,675,526,330,162,39,8
2021,03,읍면동,경기도 과천시 별양동 ,10790,711,1123,1671,1302,1436,2061,1366,610,415,89,6,5149,368,579,846,637,648,980,655,265,144,24,3,5641,343,544,825,665,788,1081,711,345,271,65,3
2021,03,읍면동,경기도 과천시 부림동 ,14957,1474,1412,2010,2383,2158,2613,1686,736,391,91,3,7338,773,736,1052,1177,1031,1240,832,334,144,18,1,7619,701,676,958,1206,1127,1373,854,402,247,73,2
2021,03,읍면동,경기도 과천시 중앙동 ,10983,813,984,1579,1448,1450,2041,1544,659,374,78,13,5333,420,496,843,710,664,958,783,303,138,16,2,5650,393,488,736,738,786,1083,761,356,236,62,11
2021,03,시군,경기도 광명시 ,295750,22618,30138,37773,40515,50813,49406,38056,17782,7492,1105,52,145897,11571,15495,19761,20519,25090,24601,18090,8017,2500,242,11,149853,11047,14643,18012,19996,25723,24805,19966,9765,4992,863,41
2021,03,읍면동,경기도 광명시 광명1동,414,3,14,52,58,54,120,82,21,5,5,0,226,3,8,27,33,33,67,41,11,2,1,0,188,0,6,25,25,21,53,41,10,3,4,0
2021,03,읍면동,경기도 광명시 광명2동,3392,116,196,403,394,478,615,645,387,143,13,2,1713,71,94,225,222,261,316,292,175,49,8,0,1679,45,102,178,172,217,299,353,212,94,5,2
2021,03,읍면동,경기도 광명시 광명3동,9823,353,611,1310,1141,1382,1891,1750,969,369,44,3,4764,175,320,692,626,713,906,768,421,133,8,2,5059,178,291,618,515,669,985,982,548,236,36,1
2021,03,읍면동,경기도 광명시 광명4동,14017,679,931,1868,1848,1967,2465,2465,1273,446,61,14,6847,335,464,969,999,988,1206,1156,561,152,14,3,7170,344,467,899,849,979,1259,1309,712,294,47,11
2021,03,읍면동,경기도 광명시 광명5동,14622,854,1284,1852,1803,2340,2488,2304,1161,474,62,0,7224,450,656,1022,950,1185,1196,1069,523,159,14,0,7398,404,628,830,853,1155,1292,1235,638,315,48,0
2021,03,읍면동,경기도 광명시 광명6동,10716,810,1161,1287,1264,1824,1804,1501,756,276,31,2,5287,377,604,672,639,895,905,726,363,101,5,0,5429,433,557,615,625,929,899,775,393,175,26,2
2021,03,읍면동,경기도 광명시 광명7동,18741,1207,1668,2514,2450,2894,3237,2859,1323,514,74,1,9253,587,839,1348,1284,1445,1556,1365,620,189,20,0,9488,620,829,1166,1166,1449,1681,1494,703,325,54,1
2021,03,읍면동,경기도 광명시 소하1동,32000,2967,4278,3723,3941,6138,4889,3713,1605,631,111,4,15632,1512,2188,1949,1852,2962,2432,1771,745,196,24,1,16368,1455,2090,1774,2089,3176,2457,1942,860,435,87,3
2021,03,읍면동,경기도 광명시 소하2동,50885,4704,5001,6968,8316,8683,8129,5580,2425,926,147,6,25587,2413,2556,3670,4217,4419,4145,2689,1134,309,33,2,25298,2291,2445,3298,4099,4264,3984,2891,1291,617,114,4
2021,03,읍면동,경기도 광명시 철산1동,11076,912,1392,1460,1462,2042,1830,1213,521,214,29,1,5459,468,725,759,727,957,906,594,242,75,6,0,5617,444,667,701,735,1085,924,619,279,139,23,1
2021,03,읍면동,경기도 광명시 철산2동,7991,319,517,1162,1094,1170,1669,1247,527,245,40,1,4195,159,281,608,629,620,905,657,232,93,11,0,3796,160,236,554,465,550,764,590,295,152,29,1
2021,03,읍면동,경기도 광명시 철산3동,33140,2880,4197,4215,3865,6168,5582,3860,1578,690,101,4,16244,1463,2180,2177,1812,2909,2773,1897,762,250,20,1,16896,1417,2017,2038,2053,3259,2809,1963,816,440,81,3
2021,03,읍면동,경기도 광명시 철산4동,13382,1033,1227,1653,2341,2318,2163,1608,769,245,22,3,6696,539,640,872,1179,1167,1100,758,357,80,2,2,6686,494,587,781,1162,1151,1063,850,412,165,20,1
2021,03,읍면동,경기도 광명시 하안1동,26257,2282,3214,3252,2942,4941,4508,3132,1337,548,98,3,13119,1185,1648,1730,1464,2414,2306,1544,639,170,19,0,13138,1097,1566,1522,1478,2527,2202,1588,698,378,79,3
2021,03,읍면동,경기도 광명시 하안2동,14062,995,1075,1712,2522,2414,2178,1723,853,511,77,2,6651,510,550,850,1315,1197,1014,717,342,139,17,0,7411,485,525,862,1207,1217,1164,1006,511,372,60,2
2021,03,읍면동,경기도 광명시 하안3동,20472,1464,1854,2464,2841,3452,3341,2602,1483,833,134,4,9655,787,945,1227,1406,1692,1611,1174,539,244,30,0,10817,677,909,1237,1435,1760,1730,1428,944,589,104,4
2021,03,읍면동,경기도 광명시 하안4동,12539,973,1430,1674,2006,2323,2059,1234,539,267,33,1,6078,501,741,845,1029,1094,992,565,216,90,5,0,6461,472,689,829,977,1229,1067,669,323,177,28,1
2021,03,읍면동,경기도 광명시 학온동 ,2221,67,88,204,227,225,438,538,255,155,23,1,1267,36,56,119,136,139,265,307,135,69,5,0,954,31,32,85,91,86,173,231,120,86,18,1
2021,03,시군,경기도 광주시 ,383052,34518,33771,45155,57009,67082,63845,49532,22297,8534,1255,54,195851,17755,17267,23983,29690,35417,32600,24812,10775,3264,277,11,187201,16763,16504,21172,27319,31665,31245,24720,11522,5270,978,43
2021,03,읍면동,경기도 광주시 경안동 ,24948,1948,2254,3380,3511,4079,4412,3171,1514,599,77,3,12885,1035,1161,1826,1849,2140,2355,1597,701,208,12,1,12063,913,1093,1554,1662,1939,2057,1574,813,391,65,2
2021,03,읍면동,경기도 광주시 곤지암읍,23088,1386,1831,2822,2786,3557,4578,3571,1636,819,99,3,12330,706,972,1578,1555,1926,2552,1905,799,311,25,1,10758,680,859,1244,1231,1631,2026,1666,837,508,74,2
2021,03,읍면동,경기도 광주시 광남1동,33495,2647,2678,4270,4839,5697,5927,4726,1969,640,100,2,17229,1371,1383,2292,2542,3056,2994,2353,982,238,18,0,16266,1276,1295,1978,2297,2641,2933,2373,987,402,82,2
2021,03,읍면동,경기도 광주시 광남2동,34141,5343,3993,3034,6125,7218,4098,2672,1214,381,61,2,16950,2685,2068,1534,2899,3655,2089,1259,595,157,9,0,17191,2658,1925,1500,3226,3563,2009,1413,619,224,52,2
2021,03,읍면동,경기도 광주시 남종면 ,1505,36,66,112,92,153,269,390,225,141,21,0,781,22,33,59,50,84,149,209,108,60,7,0,724,14,33,53,42,69,120,181,117,81,14,0
2021,03,읍면동,경기도 광주시 남한산성면,2580,147,193,178,221,354,479,517,300,161,29,1,1374,73,100,93,117,203,272,289,146,76,5,0,1206,74,93,85,104,151,207,228,154,85,24,1
2021,03,읍면동,경기도 광주시 도척면 ,9444,463,652,1010,996,1346,1830,1809,832,433,68,5,5197,237,346,591,584,805,1028,1002,427,160,16,1,4247,226,306,419,412,541,802,807,405,273,52,4
2021,03,읍면동,경기도 광주시 송정동 ,22109,1645,2012,2808,2945,3748,3953,3075,1371,478,70,4,11119,805,979,1481,1575,1936,1978,1538,644,166,17,0,10990,840,1033,1327,1370,1812,1975,1537,727,312,53,4
2021,03,읍면동,경기도 광주시 쌍령동 ,18401,1964,1640,2374,2908,3187,3032,2126,861,264,42,3,9185,1024,792,1226,1458,1629,1463,1056,415,117,5,0,9216,940,848,1148,1450,1558,1569,1070,446,147,37,3
2021,03,읍면동,경기도 광주시 오포읍 ,112596,11090,8808,13440,19724,20239,17394,13335,6034,2175,339,18,57028,5761,4521,7042,10255,10768,8459,6450,2849,835,83,5,55568,5329,4287,6398,9469,9471,8935,6885,3185,1340,256,13
2021,03,읍면동,경기도 광주시 초월읍 ,46282,3709,4783,5540,6143,8215,7958,5972,2691,1107,160,4,24067,1938,2417,2958,3230,4361,4275,3136,1305,415,31,1,22215,1771,2366,2582,2913,3854,3683,2836,1386,692,129,3
2021,03,읍면동,경기도 광주시 탄벌동 ,39161,3054,3636,5008,5246,6843,7335,5170,2056,717,90,6,19914,1564,1833,2648,2816,3512,3652,2572,1013,281,23,0,19247,1490,1803,2360,2430,3331,3683,2598,1043,436,67,6
2021,03,읍면동,경기도 광주시 퇴촌면 ,15302,1086,1225,1179,1473,2446,2580,2998,1594,619,99,3,7792,534,662,655,760,1342,1334,1446,791,240,26,2,7510,552,563,524,713,1104,1246,1552,803,379,73,1
2021,03,시군,경기도 구리시 ,195804,14752,17891,27042,25820,32428,35485,25049,11667,4949,667,54,97184,7600,9256,13902,13026,16185,17478,12478,5236,1833,171,19,98620,7152,8635,13140,12794,16243,18007,12571,6431,3116,496,35
2021,03,읍면동,경기도 구리시 갈매동 ,31223,4506,2299,3296,5853,5826,4201,3332,1428,416,66,0,15487,2328,1148,1635,2820,3102,2021,1586,701,132,14,0,15736,2178,1151,1661,3033,2724,2180,1746,727,284,52,0
2021,03,읍면동,경기도 구리시 교문1동,16362,723,1072,2207,2023,2475,3193,2648,1322,589,83,27,8359,374,518,1156,1121,1336,1642,1345,612,219,25,11,8003,349,554,1051,902,1139,1551,1303,710,370,58,16
2021,03,읍면동,경기도 구리시 교문2동,22115,1549,2700,3041,2473,3802,3943,2756,1230,545,71,5,10731,784,1369,1572,1210,1752,1901,1342,565,218,17,1,11384,765,1331,1469,1263,2050,2042,1414,665,327,54,4
2021,03,읍면동,경기도 구리시 동구동 ,37930,2665,3926,5604,4562,6288,7236,4419,2095,989,140,6,18736,1413,2096,2890,2299,3003,3462,2252,899,382,38,2,19194,1252,1830,2714,2263,3285,3774,2167,1196,607,102,4
2021,03,읍면동,경기도 구리시 수택1동,17505,712,1181,2723,2059,2501,3605,2855,1278,518,70,3,8737,382,615,1350,1111,1257,1809,1460,558,176,18,1,8768,330,566,1373,948,1244,1796,1395,720,342,52,2
2021,03,읍면동,경기도 구리시 수택2동,25639,1324,2102,3794,3195,3678,5063,3868,1742,770,97,6,12770,662,1110,2000,1638,1917,2493,1901,752,277,18,2,12869,662,992,1794,1557,1761,2570,1967,990,493,79,4
2021,03,읍면동,경기도 구리시 수택3동,21727,1560,2240,3039,2679,3935,3975,2454,1230,538,72,5,10978,791,1163,1622,1374,1917,2057,1270,554,211,18,1,10749,769,1077,1417,1305,2018,1918,1184,676,327,54,4
2021,03,읍면동,경기도 구리시 인창동 ,23303,1713,2371,3338,2976,3923,4269,2717,1342,584,68,2,11386,866,1237,1677,1453,1901,2093,1322,595,218,23,1,11917,847,1134,1661,1523,2022,2176,1395,747,366,45,1
2021,03,시군,경기도 군포시 ,271392,19996,26148,37870,37620,43795,47807,34137,15105,7675,1198,41,134603,10222,13517,19767,19517,21614,23327,16783,6802,2724,321,9,136789,9774,12631,18103,18103,22181,24480,17354,8303,4951,877,32
2021,03,읍면동,경기도 군포시 광정동 ,25175,1696,2697,3628,3216,4181,4430,2857,1385,909,167,9,12226,870,1409,1826,1610,1962,2227,1390,591,295,45,1,12949,826,1288,1802,1606,2219,2203,1467,794,614,122,8
2021,03,읍면동,경기도 군포시 군포1동,33419,1928,2619,5417,4586,4976,6507,4588,1885,779,129,5,17639,978,1368,2998,2615,2670,3396,2378,904,293,38,1,15780,950,1251,2419,1971,2306,3111,2210,981,486,91,4
2021,03,읍면동,경기도 군포시 군포2동,53407,4606,6113,7188,7073,9158,9295,6173,2515,1106,176,4,26492,2368,3145,3728,3586,4472,4476,3092,1194,387,42,2,26915,2238,2968,3460,3487,4686,4819,3081,1321,719,134,2
2021,03,읍면동,경기도 군포시 궁내동 ,20885,1827,3091,2523,2176,4075,3559,2007,926,611,87,3,10171,976,1550,1331,1033,1865,1776,987,407,213,33,0,10714,851,1541,1192,1143,2210,1783,1020,519,398,54,3
2021,03,읍면동,경기도 군포시 금정동 ,17388,841,1149,2764,2328,2499,3467,2742,1100,429,67,2,9032,446,600,1473,1317,1356,1783,1362,532,150,13,0,8356,395,549,1291,1011,1143,1684,1380,568,279,54,2
2021,03,읍면동,경기도 군포시 대야동 ,20600,2236,1757,2557,3667,3348,3281,2348,946,388,68,4,10337,1122,915,1282,1869,1743,1570,1209,470,137,18,2,10263,1114,842,1275,1798,1605,1711,1139,476,251,50,2
2021,03,읍면동,경기도 군포시 산본1동,15972,641,840,2502,2170,2058,3005,2706,1352,592,99,7,8004,333,446,1357,1240,1113,1414,1277,608,196,19,1,7968,308,394,1145,930,945,1591,1429,744,396,80,6
2021,03,읍면동,경기도 군포시 산본2동,27072,2219,2757,3676,3475,4412,4745,3602,1388,679,117,2,13115,1125,1426,1891,1684,2087,2204,1789,632,249,28,0,13957,1094,1331,1785,1791,2325,2541,1813,756,430,89,2
2021,03,읍면동,경기도 군포시 수리동 ,16648,1010,1596,2067,2106,2633,2970,2153,1193,815,102,3,7937,469,831,1054,1082,1269,1406,996,489,304,35,2,8711,541,765,1013,1024,1364,1564,1157,704,511,67,1
2021,03,읍면동,경기도 군포시 오금동 ,21888,1845,2122,2817,3681,3728,3429,2387,1129,665,84,1,10635,935,1111,1459,1836,1785,1622,1130,466,265,26,0,11253,910,1011,1358,1845,1943,1807,1257,663,400,58,1
2021,03,읍면동,경기도 군포시 재궁동 ,18938,1147,1407,2731,3142,2727,3119,2574,1286,702,102,1,9015,600,716,1368,1645,1292,1453,1173,509,235,24,0,9923,547,691,1363,1497,1435,1666,1401,777,467,78,1
2021,03,시군,경기도 김포시 ,480275,55429,48432,52833,76700,90022,67621,50872,25999,10746,1568,53,240514,28198,24722,27181,37635,46856,34553,24775,12147,4063,370,14,239761,27231,23710,25652,39065,43166,33068,26097,13852,6683,1198,39
2021,03,읍면동,경기도 김포시 고촌읍 ,46957,6409,4472,4382,8639,8909,5935,5038,2199,829,137,8,23426,3339,2328,2179,4117,4631,2942,2426,1122,313,28,1,23531,3070,2144,2203,4522,4278,2993,2612,1077,516,109,7
2021,03,읍면동,경기도 김포시 구래동 ,42792,6461,3699,5539,9991,8244,3986,2967,1388,445,70,2,21323,3263,1811,2659,5028,4479,1928,1341,632,167,14,1,21469,3198,1888,2880,4963,3765,2058,1626,756,278,56,1
2021,03,읍면동,경기도 김포시 김포본동,61913,6012,6400,7899,8369,10803,10428,6797,3432,1569,200,4,30482,2992,3269,4191,4040,5309,5168,3372,1501,587,52,1,31431,3020,3131,3708,4329,5494,5260,3425,1931,982,148,3
2021,03,읍면동,경기도 김포시 대곶면 ,9771,327,524,913,848,1239,2162,2097,1058,516,86,1,5714,177,284,572,539,790,1380,1211,534,206,21,0,4057,150,240,341,309,449,782,886,524,310,65,1
2021,03,읍면동,경기도 김포시 마산동 ,34364,5398,2984,3025,7592,6722,3368,2981,1698,509,85,2,17016,2746,1496,1473,3769,3626,1611,1288,791,193,22,1,17348,2652,1488,1552,3823,3096,1757,1693,907,316,63,1
2021,03,읍면동,경기도 김포시 사우동 ,22798,1566,2081,3179,2840,3759,4229,2871,1503,677,87,6,11443,830,1096,1686,1470,1917,2110,1385,678,254,17,0,11355,736,985,1493,1370,1842,2119,1486,825,423,70,6
2021,03,읍면동,경기도 김포시 양촌읍 ,28968,2300,2510,2948,3857,4831,4999,4304,2152,915,148,4,15277,1148,1298,1605,2142,2735,2747,2215,1022,334,29,2,13691,1152,1212,1343,1715,2096,2252,2089,1130,581,119,2
2021,03,읍면동,경기도 김포시 운양동 ,49665,7556,5261,4609,9107,10882,5659,3891,1947,650,103,0,24310,3853,2697,2231,4134,5671,2788,1744,909,256,27,0,25355,3703,2564,2378,4973,5211,2871,2147,1038,394,76,0
2021,03,읍면동,경기도 김포시 월곶면 ,5493,141,242,520,399,600,1147,1302,708,354,77,3,3025,67,118,322,231,373,662,715,388,133,16,0,2468,74,124,198,168,227,485,587,320,221,61,3
2021,03,읍면동,경기도 김포시 장기동 ,41217,5658,5042,3968,6711,9061,4861,3356,1806,663,88,3,20219,2894,2464,2039,3167,4630,2448,1520,802,239,15,1,20998,2764,2578,1929,3544,4431,2413,1836,1004,424,73,2
2021,03,읍면동,경기도 김포시 장기본동,39134,4928,5497,3946,5566,8406,5069,3205,1757,667,91,2,19100,2463,2792,1988,2567,4137,2573,1483,807,267,22,1,20034,2465,2705,1958,2999,4269,2496,1722,950,400,69,1
2021,03,읍면동,경기도 김포시 통진읍 ,26865,1660,2295,3298,2912,4014,5160,4260,2044,1057,160,5,14363,851,1248,1986,1634,2249,2788,2263,927,370,45,2,12502,809,1047,1312,1278,1765,2372,1997,1117,687,115,3
2021,03,읍면동,경기도 김포시 풍무동 ,62176,6749,6983,7805,9215,11684,8939,6026,3272,1340,156,7,30373,3434,3576,3766,4405,5771,4451,2854,1543,533,38,2,31803,3315,3407,4039,4810,5913,4488,3172,1729,807,118,5
2021,03,읍면동,경기도 김포시 하성면 ,8162,264,442,802,654,868,1679,1777,1035,555,80,6,4443,141,245,484,392,538,957,958,491,211,24,2,3719,123,197,318,262,330,722,819,544,344,56,4
2021,03,시군,경기도 남양주시,720282,64864,77688,85568,89817,131124,118456,85661,45120,19150,2702,132,358682,33388,39900,44587,44317,65762,60460,41783,20602,7230,623,30,361600,31476,37788,40981,45500,65362,57996,43878,24518,11920,2079,102
2021,03,읍면동,경기도 남양주시 금곡동,18744,699,1180,2452,2081,2241,3839,3618,1633,870,126,5,9582,359,624,1364,1191,1188,1924,1834,766,302,29,1,9162,340,556,1088,890,1053,1915,1784,867,568,97,4
2021,03,읍면동,경기도 남양주시 다산1동 ,80129,10533,8423,9204,13396,15730,10542,7188,3503,1401,201,8,39391,5368,4227,4581,6371,8046,5211,3353,1685,516,32,1,40738,5165,4196,4623,7025,7684,5331,3835,1818,885,169,7
2021,03,읍면동,경기도 남양주시 다산2동 ,36061,4766,3765,3799,5744,7304,5157,3468,1414,553,88,3,17590,2437,1937,1912,2620,3686,2522,1601,651,204,19,1,18471,2329,1828,1887,3124,3618,2635,1867,763,349,69,2
2021,03,읍면동,경기도 남양주시 별내동,74707,8501,6892,9017,12007,13456,11055,8458,3679,1403,221,18,36361,4328,3401,4485,5805,6723,5282,4051,1764,476,42,4,38346,4173,3491,4532,6202,6733,5773,4407,1915,927,179,14
2021,03,읍면동,경기도 남양주시 별내면,19740,1200,1925,2510,1803,3251,3628,2787,1729,782,105,20,9866,613,1041,1258,935,1637,1884,1351,777,331,34,5,9874,587,884,1252,868,1614,1744,1436,952,451,71,15
2021,03,읍면동,경기도 남양주시 수동면,8973,334,529,812,742,1037,1779,1957,1129,517,130,7,4696,184,297,471,407,570,982,1020,551,190,22,2,4277,150,232,341,335,467,797,937,578,327,108,5
2021,03,읍면동,경기도 남양주시 양정동,4509,158,187,519,482,468,892,1071,480,226,22,4,2564,77,93,311,298,299,508,642,236,93,7,0,1945,81,94,208,184,169,384,429,244,133,15,4
2021,03,읍면동,경기도 남양주시 오남읍,53525,3899,6577,6729,5363,10131,9672,5873,3516,1565,196,4,26946,2033,3362,3611,2718,5050,5134,2879,1522,591,45,1,26579,1866,3215,3118,2645,5081,4538,2994,1994,974,151,3
2021,03,읍면동,경기도 남양주시 와부읍,61734,3966,7313,7757,5928,10897,11122,7746,4742,1968,283,12,30474,2070,3752,4116,2935,5174,5618,3725,2210,794,77,3,31260,1896,3561,3641,2993,5723,5504,4021,2532,1174,206,9
2021,03,읍면동,경기도 남양주시 조안면,4181,196,244,408,423,505,780,876,482,226,38,3,2165,99,118,228,222,269,426,457,245,92,6,3,2016,97,126,180,201,236,354,419,237,134,32,0
2021,03,읍면동,경기도 남양주시 진건읍,24044,993,1876,3263,2305,3266,5131,4132,1971,968,136,3,12487,554,949,1808,1264,1744,2712,2181,890,359,26,0,11557,439,927,1455,1041,1522,2419,1951,1081,609,110,3
2021,03,읍면동,경기도 남양주시 진접읍,92897,8138,11381,10628,10141,17299,15215,11217,5965,2584,317,12,46857,4228,5885,5625,5035,8681,8084,5579,2676,979,84,1,46040,3910,5496,5003,5106,8618,7131,5638,3289,1605,233,11
2021,03,읍면동,경기도 남양주시 퇴계원읍,29517,1713,2554,4055,3313,4238,5676,4625,2234,989,111,9,14712,852,1332,2153,1756,2126,2719,2340,1037,364,30,3,14805,861,1222,1902,1557,2112,2957,2285,1197,625,81,6
2021,03,읍면동,경기도 남양주시 평내동,36571,3222,4935,4560,4276,7346,5868,3490,1900,864,108,2,18004,1630,2534,2304,2111,3578,3009,1660,836,316,26,0,18567,1592,2401,2256,2165,3768,2859,1830,1064,548,82,2
2021,03,읍면동,경기도 남양주시 호평동,56075,6271,7113,6001,7345,11728,8140,5050,3065,1163,191,8,27353,3241,3664,3092,3427,5676,4141,2281,1331,455,44,1,28722,3030,3449,2909,3918,6052,3999,2769,1734,708,147,7
2021,03,읍면동,경기도 남양주시 화도읍,104062,8651,11473,12252,12286,19687,17631,12180,6831,2687,371,13,52120,4487,5986,6421,6126,9992,9112,5863,3024,1015,91,3,51942,4164,5487,5831,6160,9695,8519,6317,3807,1672,280,10
2021,03,읍면동,경기도 남양주시 화도읍동부출장소,14813,1624,1321,1602,2182,2540,2329,1925,847,384,58,1,7514,828,698,847,1096,1323,1192,966,401,153,9,1,7299,796,623,755,1086,1217,1137,959,446,231,49,0
2021,03,시군,경기도 동두천시,93351,6125,8490,11185,10053,14079,16326,13375,8653,4458,580,27,46621,3163,4274,6093,5198,7287,8589,6591,3636,1630,157,3,46730,2962,4216,5092,4855,6792,7737,6784,5017,2828,423,24
2021,03,읍면동,경기도 동두천시 보산동,2941,142,203,325,283,367,553,514,361,175,18,0,1428,65,94,195,146,187,269,271,142,55,4,0,1513,77,109,130,137,180,284,243,219,120,14,0
2021,03,읍면동,경기도 동두천시 불현동,27245,1871,2574,3470,2949,4084,4899,3797,2302,1155,140,4,13443,948,1289,1847,1500,2041,2516,1880,963,419,39,1,13802,923,1285,1623,1449,2043,2383,1917,1339,736,101,3
2021,03,읍면동,경기도 동두천시 상패동,5341,256,286,594,624,637,976,961,621,324,59,3,2851,145,140,339,366,374,555,518,284,116,13,1,2490,111,146,255,258,263,421,443,337,208,46,2
2021,03,읍면동,경기도 동두천시 생연1동 ,6879,483,572,758,767,932,1218,1112,637,364,35,1,3438,259,278,420,394,493,632,551,265,133,13,0,3441,224,294,338,373,439,586,561,372,231,22,1
2021,03,읍면동,경기도 동두천시 생연2동 ,11945,749,1232,1328,1190,1898,2023,1674,1153,632,65,1,5875,402,629,735,593,964,1058,779,455,245,15,0,6070,347,603,593,597,934,965,895,698,387,50,1
2021,03,읍면동,경기도 동두천시 소요동,8716,403,506,910,784,1138,1577,1656,1098,567,68,9,4536,204,268,533,428,658,865,839,517,204,20,0,4180,199,238,377,356,480,712,817,581,363,48,9
2021,03,읍면동,경기도 동두천시 송내동,25300,2077,2914,3309,3030,4461,4064,2595,1848,880,120,2,12443,1060,1470,1748,1532,2230,2107,1179,739,350,28,0,12857,1017,1444,1561,1498,2231,1957,1416,1109,530,92,2
2021,03,읍면동,경기도 동두천시 중앙동,4984,144,203,491,426,562,1016,1066,633,361,75,7,2607,80,106,276,239,340,587,574,271,108,25,1,2377,64,97,215,187,222,429,492,362,253,50,6
2021,03,시군,경기도 부천시 ,813178,55709,69442,116325,114266,127856,146293,113243,46702,20100,3098,144,403374,28647,35611,60003,58805,64449,70956,55855,21562,6736,712,38,409804,27062,33831,56322,55461,63407,75337,57388,25140,13364,2386,106
2021,03,읍면동,경기도 부천시 대산동 ,81435,4555,6281,11604,11062,12260,14598,12657,5682,2363,357,16,40334,2351,3239,6134,5905,6218,6961,6002,2588,859,73,4,41101,2204,3042,5470,5157,6042,7637,6655,3094,1504,284,12
2021,03,읍면동,경기도 부천시 범안동 ,95626,9525,9258,11302,14106,17336,14309,11843,5257,2290,379,21,46847,4880,4616,5830,6871,8824,6840,5668,2440,780,90,8,48779,4645,4642,5472,7235,8512,7469,6175,2817,1510,289,13
2021,03,읍면동,경기도 부천시 부천동 ,89567,5449,7127,12818,11923,13773,16435,13389,5847,2472,314,20,44854,2800,3711,6702,6225,7190,8101,6475,2688,862,94,6,44713,2649,3416,6116,5698,6583,8334,6914,3159,1610,220,14
2021,03,읍면동,경기도 부천시 상동,86126,7809,9803,12093,12453,15200,15246,9054,2934,1290,238,6,42317,3980,5009,6183,5973,7157,7391,4757,1406,407,51,3,43809,3829,4794,5910,6480,8043,7855,4297,1528,883,187,3
2021,03,읍면동,경기도 부천시 성곡동 ,83257,4371,6936,12546,9622,12357,16885,12234,5402,2541,353,10,41696,2205,3623,6615,5151,6285,8458,6105,2357,812,84,1,41561,2166,3313,5931,4471,6072,8427,6129,3045,1729,269,9
2021,03,읍면동,경기도 부천시 소사본동,56780,3716,4290,7814,8129,7839,10131,9155,3897,1564,230,15,28041,1909,2151,4072,4298,3915,4765,4435,1888,549,56,3,28739,1807,2139,3742,3831,3924,5366,4720,2009,1015,174,12
2021,03,읍면동,경기도 부천시 신중동 ,130806,9660,11233,19361,21418,20477,22658,16995,5851,2650,484,19,63203,4977,5684,9456,10600,9761,10468,8579,2721,853,100,4,67603,4683,5549,9905,10818,10716,12190,8416,3130,1797,384,15
2021,03,읍면동,경기도 부천시 심곡동 ,63827,2998,3848,10106,9427,9476,11584,9788,4596,1742,251,11,32424,1595,1961,5165,5172,5196,5816,4705,2154,615,43,2,31403,1403,1887,4941,4255,4280,5768,5083,2442,1127,208,9
2021,03,읍면동,경기도 부천시 오정동 ,84109,4909,6846,12602,10705,12813,16793,12123,4856,2148,299,15,43047,2540,3622,6743,5824,6789,8478,6144,2170,667,67,3,41062,2369,3224,5859,4881,6024,8315,5979,2686,1481,232,12
2021,03,읍면동,경기도 부천시 중동,41645,2717,3820,6079,5421,6325,7654,6005,2380,1040,193,11,20611,1410,1995,3103,2786,3114,3678,2985,1150,332,54,4,21034,1307,1825,2976,2635,3211,3976,3020,1230,708,139,7
2021,03,시군,경기도 성남시 ,934308,67599,86844,131115,135757,155458,154987,115374,57793,25081,4090,210,462773,34573,44550,67166,69070,76761,77475,56487,26297,9327,1014,53,471535,33026,42294,63949,66687,78697,77512,58887,31496,15754,3076,157
2021,03,구,경기도 성남시 분당구 ,479988,39070,53169,65100,69089,85690,76506,50404,25508,13005,2371,76,232734,20050,27241,32723,33333,39895,37632,24617,11555,5018,652,18,247254,19020,25928,32377,35756,45795,38874,25787,13953,7987,1719,58
2021,03,읍면동,경기도 성남시 분당구 구미1동 ,17711,1324,1673,2718,2749,2932,2925,1872,937,484,95,2,8573,693,822,1318,1358,1394,1414,927,423,196,28,0,9138,631,851,1400,1391,1538,1511,945,514,288,67,2
2021,03,읍면동,경기도 성남시 분당구 구미동,31366,2202,2713,4523,4501,4945,5221,3619,2101,1251,281,9,15066,1086,1416,2299,2196,2289,2499,1801,914,469,96,1,16300,1116,1297,2224,2305,2656,2722,1818,1187,782,185,8
2021,03,읍면동,경기도 성남시 분당구 금곡동,28676,1910,2333,4029,4667,4348,4564,3555,1996,1075,197,2,13501,964,1160,1978,2253,2020,2138,1689,852,392,55,0,15175,946,1173,2051,2414,2328,2426,1866,1144,683,142,2
2021,03,읍면동,경기도 성남시 분당구 백현동,27554,2833,3080,3800,3728,4678,4808,2862,1204,475,84,2,13296,1453,1605,1882,1716,2212,2292,1391,570,149,26,0,14258,1380,1475,1918,2012,2466,2516,1471,634,326,58,2
2021,03,읍면동,경기도 성남시 분당구 분당동,26319,1983,2935,3702,3581,4578,4285,2940,1449,735,127,4,12943,1019,1541,1926,1803,2106,2081,1428,696,306,35,2,13376,964,1394,1776,1778,2472,2204,1512,753,429,92,2
2021,03,읍면동,경기도 성남시 분당구 삼평동,24788,2677,3049,3036,3548,4657,3970,2384,972,417,75,3,12078,1406,1527,1518,1606,2265,1994,1138,451,156,16,1,12710,1271,1522,1518,1942,2392,1976,1246,521,261,59,2
2021,03,읍면동,경기도 성남시 분당구 서현1동 ,32275,2437,4333,4555,4197,6261,5059,2822,1552,897,159,3,15582,1245,2206,2239,2021,2861,2530,1376,687,374,42,1,16693,1192,2127,2316,2176,3400,2529,1446,865,523,117,2
2021,03,읍면동,경기도 성남시 분당구 서현2동 ,18640,1408,2282,2736,2364,3232,3297,1964,836,442,78,1,9207,732,1202,1457,1184,1447,1621,986,395,166,17,0,9433,676,1080,1279,1180,1785,1676,978,441,276,61,1
2021,03,읍면동,경기도 성남시 분당구 수내1동 ,17989,1274,2204,2456,2419,3691,2867,1389,934,653,99,3,8570,663,1154,1182,1126,1625,1482,673,383,248,34,0,9419,611,1050,1274,1293,2066,1385,716,551,405,65,3
2021,03,읍면동,경기도 성남시 분당구 수내2동 ,10567,1168,1945,957,865,2600,1489,766,470,260,45,2,5125,563,972,507,357,1184,834,376,210,109,11,2,5442,605,973,450,508,1416,655,390,260,151,34,0
2021,03,읍면동,경기도 성남시 분당구 수내3동 ,14027,1039,2408,1849,1549,3138,2143,1128,493,241,38,1,6952,530,1264,950,776,1443,1122,546,224,86,11,0,7075,509,1144,899,773,1695,1021,582,269,155,27,1
2021,03,읍면동,경기도 성남시 분당구 야탑1동 ,17573,1288,1288,2721,2846,2734,2683,2301,1147,467,92,6,8699,648,678,1405,1433,1365,1263,1146,543,192,25,1,8874,640,610,1316,1413,1369,1420,1155,604,275,67,5
2021,03,읍면동,경기도 성남시 분당구 야탑2동 ,16697,1269,1763,2120,2077,2736,2579,2261,1187,597,105,3,7969,623,909,1035,970,1239,1249,1116,551,249,28,0,8728,646,854,1085,1107,1497,1330,1145,636,348,77,3
2021,03,읍면동,경기도 성남시 분당구 야탑3동 ,29005,2172,2042,4124,5313,4336,4537,3825,1729,773,143,11,14269,1125,1012,2131,2827,2195,2116,1821,778,236,28,0,14736,1047,1030,1993,2486,2141,2421,2004,951,537,115,11
2021,03,읍면동,경기도 성남시 분당구 운중동,21574,2169,2398,2443,3119,4040,3511,2500,943,382,68,1,10531,1123,1213,1238,1408,1947,1737,1240,474,138,13,0,11043,1046,1185,1205,1711,2093,1774,1260,469,244,55,1
2021,03,읍면동,경기도 성남시 분당구 이매1동 ,25874,2265,3119,3364,3586,4572,4178,2660,1372,618,135,5,12602,1184,1561,1739,1722,2107,2076,1310,624,242,35,2,13272,1081,1558,1625,1864,2465,2102,1350,748,376,100,3
2021,03,읍면동,경기도 성남시 분당구 이매2동 ,13633,1006,1840,1778,1322,2356,2406,1653,798,396,77,1,6677,524,991,913,602,1043,1192,845,382,167,17,1,6956,482,849,865,720,1313,1214,808,416,229,60,0
2021,03,읍면동,경기도 성남시 분당구 정자1동 ,30985,2023,3303,4707,4954,5940,4836,2548,1658,896,114,6,14613,1029,1616,2138,2288,2615,2442,1244,778,413,46,4,16372,994,1687,2569,2666,3325,2394,1304,880,483,68,2
2021,03,읍면동,경기도 성남시 분당구 정자2동 ,15815,906,1355,2048,2915,2629,2371,1771,1033,658,125,4,7497,499,729,1034,1459,1199,1123,849,398,177,29,1,8318,407,626,1014,1456,1430,1248,922,635,481,96,3
2021,03,읍면동,경기도 성남시 분당구 정자3동 ,15497,1323,1760,2003,2301,2813,2409,1456,803,522,106,1,7507,689,920,1041,1102,1314,1171,692,329,218,30,1,7990,634,840,962,1199,1499,1238,764,474,304,76,0
2021,03,읍면동,경기도 성남시 분당구 정자동,19673,1429,1917,3103,3441,3216,2939,2128,1018,407,71,4,9833,732,961,1653,1795,1529,1446,1032,479,187,18,1,9840,697,956,1450,1646,1687,1493,1096,539,220,53,3
2021,03,읍면동,경기도 성남시 분당구 판교동,23750,2965,3429,2328,3047,5258,3429,2000,876,359,57,2,11644,1520,1782,1140,1331,2496,1810,991,414,148,12,0,12106,1445,1647,1188,1716,2762,1619,1009,462,211,45,2
2021,03,구,경기도 성남시 수정구 ,238984,15427,17285,34975,35463,37099,40636,33761,17032,6325,906,75,120965,7806,8849,18384,18952,19644,20700,16375,7740,2284,207,24,118019,7621,8436,16591,16511,17455,19936,17386,9292,4041,699,51
2021,03,읍면동,경기도 성남시 수정구 고등동,8708,720,510,1394,1903,1088,1315,1058,520,171,28,1,4310,388,252,668,986,545,655,516,245,48,7,0,4398,332,258,726,917,543,660,542,275,123,21,1
2021,03,읍면동,경기도 성남시 수정구 단대동,15772,1056,1291,2139,2197,2440,2734,2171,1195,472,70,7,7802,542,680,1131,1131,1252,1339,1008,520,181,14,4,7970,514,611,1008,1066,1188,1395,1163,675,291,56,3
2021,03,읍면동,경기도 성남시 수정구 복정동,11081,707,476,2276,2579,2000,1355,1064,459,128,35,2,6107,360,246,1215,1533,1212,738,515,230,52,6,0,4974,347,230,1061,1046,788,617,549,229,76,29,2
2021,03,읍면동,경기도 성남시 수정구 산성동,8413,398,695,1056,1032,1395,1432,1295,808,267,32,3,4331,210,364,599,574,773,719,614,360,111,7,0,4082,188,331,457,458,622,713,681,448,156,25,3
2021,03,읍면동,경기도 성남시 수정구 수진1동 ,12619,369,659,1788,1465,1743,2531,2260,1248,459,74,23,6566,186,362,980,858,968,1375,1102,551,153,23,8,6053,183,297,808,607,775,1156,1158,697,306,51,15
2021,03,읍면동,경기도 성남시 수정구 수진2동 ,16028,785,1090,2342,2101,2274,2853,2612,1436,470,58,7,8053,377,573,1206,1154,1187,1433,1247,663,197,13,3,7975,408,517,1136,947,1087,1420,1365,773,273,45,4
2021,03,읍면동,경기도 성남시 수정구 시흥동,3151,161,148,516,515,422,467,533,279,93,14,3,1680,81,85,297,301,227,237,268,140,40,4,0,1471,80,63,219,214,195,230,265,139,53,10,3
2021,03,읍면동,경기도 성남시 수정구 신촌동,4748,502,453,733,880,771,598,505,212,77,17,0,2545,261,251,466,478,411,302,243,104,25,4,0,2203,241,202,267,402,360,296,262,108,52,13,0
2021,03,읍면동,경기도 성남시 수정구 신흥1동 ,13318,486,722,1987,1784,1996,2494,2246,1113,432,55,3,7025,250,383,1081,1049,1158,1387,1080,489,134,13,1,6293,236,339,906,735,838,1107,1166,624,298,42,2
2021,03,읍면동,경기도 성남시 수정구 신흥2동 ,20224,1768,1613,2645,3357,3082,3485,2739,1115,358,57,5,9919,865,803,1323,1718,1515,1657,1323,566,129,18,2,10305,903,810,1322,1639,1567,1828,1416,549,229,39,3
2021,03,읍면동,경기도 성남시 수정구 신흥3동 ,11259,429,631,1745,1546,1704,2154,1741,957,309,41,2,5887,209,340,909,892,953,1169,857,432,115,10,1,5372,220,291,836,654,751,985,884,525,194,31,1
2021,03,읍면동,경기도 성남시 수정구 양지동,9924,562,921,1373,1094,1635,1744,1430,821,300,43,1,4907,289,475,691,570,836,881,679,359,117,9,1,5017,273,446,682,524,799,863,751,462,183,34,0
2021,03,읍면동,경기도 성남시 수정구 위례동,45846,4948,4153,5645,7373,8091,7093,5422,2087,878,150,6,22412,2512,2035,2819,3485,4119,3431,2684,1006,288,31,2,23434,2436,2118,2826,3888,3972,3662,2738,1081,590,119,4
2021,03,읍면동,경기도 성남시 수정구 태평1동 ,15529,514,756,2812,2161,2133,2694,2448,1411,539,58,3,7958,268,381,1444,1214,1207,1405,1208,618,196,17,0,7571,246,375,1368,947,926,1289,1240,793,343,41,3
2021,03,읍면동,경기도 성남시 수정구 태평2동 ,15556,742,1067,2512,2144,2240,2785,2267,1230,501,62,6,7807,357,571,1321,1177,1171,1423,1072,533,173,8,1,7749,385,496,1191,967,1069,1362,1195,697,328,54,5
2021,03,읍면동,경기도 성남시 수정구 태평3동 ,13416,604,926,1951,1710,1976,2537,2139,1084,424,63,2,6878,310,457,1110,933,1045,1322,1076,458,151,15,1,6538,294,469,841,777,931,1215,1063,626,273,48,1
2021,03,읍면동,경기도 성남시 수정구 태평4동 ,13392,676,1174,2061,1622,2109,2365,1831,1057,447,49,1,6778,341,591,1124,899,1065,1227,883,466,174,8,0,6614,335,583,937,723,1044,1138,948,591,273,41,1
2021,03,구,경기도 성남시 중원구 ,215336,13102,16390,31040,31205,32669,37845,31209,15253,5751,813,59,109074,6717,8460,16059,16785,17222,19143,15495,7002,2025,155,11,106262,6385,7930,14981,14420,15447,18702,15714,8251,3726,658,48
2021,03,읍면동,경기도 성남시 중원구 금광1동 ,6932,406,437,942,1098,1019,1197,1100,480,197,23,33,3565,211,220,481,606,552,607,572,227,80,4,5,3367,195,217,461,492,467,590,528,253,117,19,28
2021,03,읍면동,경기도 성남시 중원구 금광2동 ,25433,1363,2005,3853,3678,3818,4352,3731,1852,692,86,3,12451,663,981,1862,1895,1948,2173,1790,859,261,19,0,12982,700,1024,1991,1783,1870,2179,1941,993,431,67,3
2021,03,읍면동,경기도 성남시 중원구 도촌동,27783,2828,2846,3325,4279,4971,4189,3237,1427,571,108,2,13494,1468,1472,1677,2063,2449,1951,1532,670,194,17,1,14289,1360,1374,1648,2216,2522,2238,1705,757,377,91,1
2021,03,읍면동,경기도 성남시 중원구 상대원1동,25736,1644,1800,3447,3989,3953,4579,3810,1774,651,87,2,13315,855,929,1865,2219,2180,2321,1881,820,226,18,1,12421,789,871,1582,1770,1773,2258,1929,954,425,69,1
2021,03,읍면동,경기도 성남시 중원구 상대원2동,13551,528,947,1734,1606,1932,2855,2344,1132,409,58,6,7052,276,475,941,897,1074,1557,1166,535,119,10,2,6499,252,472,793,709,858,1298,1178,597,290,48,4
2021,03,읍면동,경기도 성남시 중원구 상대원3동,12445,556,871,1785,1557,1768,2514,2022,965,351,55,1,6519,281,480,963,910,968,1303,1038,460,108,8,0,5926,275,391,822,647,800,1211,984,505,243,47,1
2021,03,읍면동,경기도 성남시 중원구 성남동,33834,1565,1933,5883,5839,4802,5504,4709,2493,957,141,8,17525,776,986,2972,3365,2665,2826,2371,1166,362,34,2,16309,789,947,2911,2474,2137,2678,2338,1327,595,107,6
2021,03,읍면동,경기도 성남시 중원구 은행1동 ,10556,654,1004,1798,1374,1606,1761,1324,722,285,28,0,5168,352,486,882,691,801,877,641,338,96,4,0,5388,302,518,916,683,805,884,683,384,189,24,0
2021,03,읍면동,경기도 성남시 중원구 은행2동 ,24236,1272,1937,3627,3033,3601,4423,3458,2019,775,89,2,12060,674,1020,1926,1655,1805,2200,1650,821,291,18,0,12176,598,917,1701,1378,1796,2223,1808,1198,484,71,2
2021,03,읍면동,경기도 성남시 중원구 중앙동,13739,855,855,1551,1869,2156,2564,2297,1146,394,51,1,7298,456,453,847,973,1227,1451,1215,520,144,12,0,6441,399,402,704,896,929,1113,1082,626,250,39,1
2021,03,읍면동,경기도 성남시 중원구 하대원동 ,21091,1431,1755,3095,2883,3043,3907,3177,1243,469,87,1,10627,705,958,1643,1511,1553,1877,1639,586,144,11,0,10464,726,797,1452,1372,1490,2030,1538,657,325,76,1
2021,03,읍면동,경기도 송탄출장소 ,0,0,0,0,0,0,0,0,0,0,0,0,0,0,0,0,0,0,0,0,0,0,0,0,0,0,0,0,0,0,0,0,0,0,0,0
2021,03,시군,경기도 수원시 ,1185984,95345,117788,186757,177670,201650,196496,124098,56525,25500,3958,197,597390,49202,60988,98404,92437,101710,98074,61355,25305,8969,900,46,588594,46143,56800,88353,85233,99940,98422,62743,31220,16531,3058,151
2021,03,구,경기도 수원시 권선구 ,366553,31681,33140,54026,57280,61192,61860,41094,17433,7650,1146,51,185162,16322,17224,28280,29957,31701,30468,20318,7986,2642,251,13,181391,15359,15916,25746,27323,29491,31392,20776,9447,5008,895,38
2021,03,읍면동,경기도 수원시 권선구 곡선동,27413,1643,2218,5333,5241,4888,4616,2200,766,428,78,2,14767,852,1128,2849,3024,2750,2474,1189,337,148,16,0,12646,791,1090,2484,2217,2138,2142,1011,429,280,62,2
2021,03,읍면동,경기도 수원시 권선구 구운동,24653,1392,2042,3913,3237,3665,4816,3397,1427,665,96,3,12442,695,1050,2073,1739,1906,2377,1679,680,220,23,0,12211,697,992,1840,1498,1759,2439,1718,747,445,73,3
2021,03,읍면동,경기도 수원시 권선구 권선1동 ,24850,1274,1708,5071,4485,3683,4149,2855,1093,463,66,3,12690,663,905,2561,2423,1915,2087,1461,505,155,14,1,12160,611,803,2510,2062,1768,2062,1394,588,308,52,2
2021,03,읍면동,경기도 수원시 권선구 권선2동 ,49124,5534,5399,6638,7794,8949,7929,4618,1515,633,108,7,24149,2903,2811,3448,3740,4327,3717,2256,711,215,18,3,24975,2631,2588,3190,4054,4622,4212,2362,804,418,90,4
2021,03,읍면동,경기도 수원시 권선구 금곡동,45648,4863,4941,6135,6537,8157,7640,4363,1933,933,145,1,22562,2477,2615,3158,3229,4068,3697,2136,828,314,40,0,23086,2386,2326,2977,3308,4089,3943,2227,1105,619,105,1
2021,03,읍면동,경기도 수원시 권선구 서둔동,37829,2357,3158,5769,5231,5997,6736,5083,2410,955,128,5,19257,1185,1657,3068,2887,3186,3371,2469,1083,325,24,2,18572,1172,1501,2701,2344,2811,3365,2614,1327,630,104,3
2021,03,읍면동,경기도 수원시 권선구 세류1동 ,10256,849,606,1488,1686,1454,1858,1317,667,283,47,1,5144,437,322,763,900,775,892,635,303,108,9,0,5112,412,284,725,786,679,966,682,364,175,38,1
2021,03,읍면동,경기도 수원시 권선구 세류2동 ,23619,1137,1584,3589,3541,3666,4253,3422,1628,686,102,11,12193,587,833,1900,2051,1965,2163,1629,758,270,33,4,11426,550,751,1689,1490,1701,2090,1793,870,416,69,7
2021,03,읍면동,경기도 수원시 권선구 세류3동 ,19160,915,1533,2714,2556,3023,3424,2863,1470,573,84,5,9665,426,815,1444,1418,1580,1681,1394,676,211,19,1,9495,489,718,1270,1138,1443,1743,1469,794,362,65,4
2021,03,읍면동,경기도 수원시 권선구 입북동,16779,1663,1794,2032,2244,3153,2909,1845,757,335,46,1,8509,864,924,1083,1143,1616,1457,930,362,117,13,0,8270,799,870,949,1101,1537,1452,915,395,218,33,1
2021,03,읍면동,경기도 수원시 권선구 평동 ,40758,3093,3528,6305,5721,6073,7505,5200,2165,995,164,9,20663,1609,1840,3423,2991,3119,3668,2622,1022,343,25,1,20095,1484,1688,2882,2730,2954,3837,2578,1143,652,139,8
2021,03,읍면동,경기도 수원시 권선구 호매실동 ,46464,6961,4629,5039,9007,8484,6025,3931,1602,701,82,3,23121,3624,2324,2510,4412,4494,2884,1918,721,216,17,1,23343,3337,2305,2529,4595,3990,3141,2013,881,485,65,2
2021,03,구,경기도 수원시 영통구 ,366770,35681,42021,58843,61970,67905,54847,28081,11400,5139,844,39,183909,18507,21589,30542,31397,33435,27444,14059,5039,1725,164,8,182861,17174,20432,28301,30573,34470,27403,14022,6361,3414,680,31
2021,03,읍면동,경기도 수원시 영통구 광교1동 ,53036,5523,6823,8437,9449,10654,7275,3128,1193,463,89,2,25986,2914,3398,3828,4492,5159,3808,1641,560,164,22,0,27050,2609,3425,4609,4957,5495,3467,1487,633,299,67,2
2021,03,읍면동,경기도 수원시 영통구 광교2동 ,29287,3425,3056,3189,5343,5614,4192,2742,1175,475,72,4,14142,1752,1562,1544,2553,2806,1952,1261,538,159,14,1,15145,1673,1494,1645,2790,2808,2240,1481,637,316,58,3
2021,03,읍면동,경기도 수원시 영통구 망포1동 ,31345,3432,4038,4495,4899,5800,5167,2277,821,350,64,2,15793,1793,2053,2431,2393,2846,2586,1217,351,112,11,0,15552,1639,1985,2064,2506,2954,2581,1060,470,238,53,2
2021,03,읍면동,경기도 수원시 영통구 망포2동 ,28118,4288,3242,3356,5553,5560,3698,1587,539,256,36,3,14033,2242,1673,1644,2672,2804,1852,810,248,80,8,0,14085,2046,1569,1712,2881,2756,1846,777,291,176,28,3
2021,03,읍면동,경기도 수원시 영통구 매탄1동 ,18091,1100,1866,3093,2375,2916,3284,2140,915,333,65,4,9083,558,955,1701,1258,1404,1634,1020,430,112,10,1,9008,542,911,1392,1117,1512,1650,1120,485,221,55,3
2021,03,읍면동,경기도 수원시 영통구 매탄2동 ,14980,862,1504,2459,1921,2387,2750,1830,837,357,68,5,7443,464,796,1238,1030,1182,1313,912,379,116,12,1,7537,398,708,1221,891,1205,1437,918,458,241,56,4
2021,03,읍면동,경기도 수원시 영통구 매탄3동 ,36167,2797,4357,6481,5493,6743,5643,2818,1175,577,79,4,18671,1449,2243,3576,3009,3369,2872,1420,542,179,12,0,17496,1348,2114,2905,2484,3374,2771,1398,633,398,67,4
2021,03,읍면동,경기도 수원시 영통구 매탄4동 ,21943,1331,2229,3790,3199,3679,3776,2392,994,477,73,3,10744,708,1137,2012,1665,1710,1803,1120,426,146,16,1,11199,623,1092,1778,1534,1969,1973,1272,568,331,57,2
2021,03,읍면동,경기도 수원시 영통구 영통1동 ,35541,3508,4783,4900,5361,7038,5728,2528,1059,553,77,6,17484,1798,2475,2496,2615,3343,2814,1291,420,211,18,3,18057,1710,2308,2404,2746,3695,2914,1237,639,342,59,3
2021,03,읍면동,경기도 수원시 영통구 영통2동 ,26438,2528,2151,5538,6694,4200,3158,1258,577,287,44,3,14015,1295,1111,3150,3744,2160,1590,632,219,103,10,1,12423,1233,1040,2388,2950,2040,1568,626,358,184,34,2
2021,03,읍면동,경기도 수원시 영통구 영통3동 ,32925,2557,4345,6591,4397,6029,5394,2263,809,457,82,1,16813,1297,2285,3555,2302,2841,2771,1244,344,162,12,0,16112,1260,2060,3036,2095,3188,2623,1019,465,295,70,1
2021,03,읍면동,경기도 수원시 영통구 원천동,38899,4330,3627,6514,7286,7285,4782,3118,1306,554,95,2,19702,2237,1901,3367,3664,3811,2449,1491,582,181,19,0,19197,2093,1726,3147,3622,3474,2333,1627,724,373,76,2
2021,03,구,경기도 수원시 장안구 ,271918,17736,28483,43937,32202,44576,48786,31515,15717,7649,1255,62,137079,9147,14945,24073,16856,22075,24418,15534,6938,2767,313,13,134839,8589,13538,19864,15346,22501,24368,15981,8779,4882,942,49
2021,03,읍면동,경기도 수원시 장안구 송죽동,19605,1111,1737,2997,2601,3051,3645,2624,1205,534,93,7,9721,565,948,1500,1364,1540,1778,1275,534,191,24,2,9884,546,789,1497,1237,1511,1867,1349,671,343,69,5
2021,03,읍면동,경기도 수원시 장안구 연무동,16176,709,1042,2643,1824,2114,2753,2634,1545,751,141,20,8331,366,550,1517,1072,1176,1435,1215,699,268,31,2,7845,343,492,1126,752,938,1318,1419,846,483,110,18
2021,03,읍면동,경기도 수원시 장안구 영화동,20102,834,1192,2679,2439,2909,3911,3549,1770,706,106,7,10289,434,619,1390,1379,1594,1990,1750,818,293,20,2,9813,400,573,1289,1060,1315,1921,1799,952,413,86,5
2021,03,읍면동,경기도 수원시 장안구 율천동,43381,3055,4440,10330,5733,6427,6740,3879,1732,897,142,6,23012,1562,2412,6361,3047,3209,3373,1951,747,308,42,0,20369,1493,2028,3969,2686,3218,3367,1928,985,589,100,6
2021,03,읍면동,경기도 수원시 장안구 정자1동 ,29535,2449,3480,4105,3405,5352,5290,3096,1494,736,124,4,14579,1256,1874,2191,1670,2549,2615,1484,652,262,25,1,14956,1193,1606,1914,1735,2803,2675,1612,842,474,99,3
2021,03,읍면동,경기도 수원시 장안구 정자2동 ,29781,1885,3121,4349,3626,4971,5353,3467,1972,905,128,4,14605,946,1598,2238,1883,2434,2642,1635,845,353,30,1,15176,939,1523,2111,1743,2537,2711,1832,1127,552,98,3
2021,03,읍면동,경기도 수원시 장안구 정자3동 ,42343,3537,6840,6231,4352,8846,7516,2877,1337,699,106,2,21188,1874,3530,3230,2123,4134,3931,1530,565,251,20,0,21155,1663,3310,3001,2229,4712,3585,1347,772,448,86,2
2021,03,읍면동,경기도 수원시 장안구 조원1동 ,28490,1443,2764,4287,3223,4394,5413,3852,1980,969,165,0,14348,753,1445,2273,1769,2236,2698,1905,890,329,50,0,14142,690,1319,2014,1454,2158,2715,1947,1090,640,115,0
2021,03,읍면동,경기도 수원시 장안구 조원2동 ,19033,1393,2041,2925,2023,2868,3821,2127,1014,681,136,4,9173,710,1019,1518,973,1326,1758,1109,454,259,44,3,9860,683,1022,1407,1050,1542,2063,1018,560,422,92,1
2021,03,읍면동,경기도 수원시 장안구 파장동,23472,1320,1826,3391,2976,3644,4344,3410,1668,771,114,8,11833,681,950,1855,1576,1877,2198,1680,734,253,27,2,11639,639,876,1536,1400,1767,2146,1730,934,518,87,6
2021,03,구,경기도 수원시 팔달구 ,180743,10247,14144,29951,26218,27977,31003,23408,11975,5062,713,45,91240,5226,7230,15509,14227,14499,15744,11444,5342,1835,172,12,89503,5021,6914,14442,11991,13478,15259,11964,6633,3227,541,33
2021,03,읍면동,경기도 수원시 팔달구 고등동,16679,1389,1181,2304,2824,2502,2690,2115,1179,436,57,2,8471,726,570,1159,1559,1349,1365,1009,538,185,11,0,8208,663,611,1145,1265,1153,1325,1106,641,251,46,2
2021,03,읍면동,경기도 수원시 팔달구 매교동,5919,239,317,881,921,844,1075,911,487,218,23,3,3134,121,168,482,498,493,599,454,228,81,9,1,2785,118,149,399,423,351,476,457,259,137,14,2
2021,03,읍면동,경기도 수원시 팔달구 매산동,10490,421,476,1809,1652,1427,1908,1605,805,327,53,7,5615,221,237,997,941,820,1027,842,382,124,21,3,4875,200,239,812,711,607,881,763,423,203,32,4
2021,03,읍면동,경기도 수원시 팔달구 우만1동 ,20353,873,1366,3249,2887,2969,3626,3007,1631,658,80,7,10146,457,714,1729,1625,1565,1785,1361,675,219,15,1,10207,416,652,1520,1262,1404,1841,1646,956,439,65,6
2021,03,읍면동,경기도 수원시 팔달구 우만2동 ,17101,1144,1788,3623,2181,2704,2690,1773,783,358,56,1,8576,563,984,1981,1137,1298,1300,850,327,124,12,0,8525,581,804,1642,1044,1406,1390,923,456,234,44,1
2021,03,읍면동,경기도 수원시 팔달구 인계동,39248,2117,2849,8007,7306,6338,5782,4103,1832,795,113,6,19839,1064,1436,3956,4040,3286,2930,2000,832,274,20,1,19409,1053,1413,4051,3266,3052,2852,2103,1000,521,93,5
2021,03,읍면동,경기도 수원시 팔달구 지동 ,11126,398,692,1353,1166,1604,2061,2076,1191,515,67,3,5659,214,365,743,645,881,1101,998,518,179,14,1,5467,184,327,610,521,723,960,1078,673,336,53,2
2021,03,읍면동,경기도 수원시 팔달구 행궁동,10728,266,465,1504,1307,1441,2070,1973,1141,469,88,4,5744,136,248,743,775,865,1204,1029,528,189,26,1,4984,130,217,761,532,576,866,944,613,280,62,3
2021,03,읍면동,경기도 수원시 팔달구 화서1동 ,22690,1459,2080,3151,2545,3728,4050,3169,1736,681,85,6,11037,720,1022,1604,1306,1844,1968,1522,771,256,22,2,11653,739,1058,1547,1239,1884,2082,1647,965,425,63,4
2021,03,읍면동,경기도 수원시 팔달구 화서2동 ,26409,1941,2930,4070,3429,4420,5051,2676,1190,605,91,6,13019,1004,1486,2115,1701,2098,2465,1379,543,204,22,2,13390,937,1444,1955,1728,2322,2586,1297,647,401,69,4
2021,03,시군,경기도 시흥시 ,509115,49124,50509,70166,78787,91950,88589,49553,19725,9192,1417,103,265947,25009,25973,38135,42111,49482,46626,26319,8986,2993,284,29,243168,24115,24536,32031,36676,42468,41963,23234,10739,6199,1133,74
2021,03,읍면동,경기도 시흥시 과림동 ,1988,40,53,162,173,180,476,567,228,87,18,4,1217,22,30,101,116,129,300,344,133,35,5,2,771,18,23,61,57,51,176,223,95,52,13,2
2021,03,읍면동,경기도 시흥시 군자동 ,22052,1533,2198,2874,2667,3851,4087,2840,1301,605,85,11,11585,796,1146,1591,1505,2132,2151,1448,586,212,15,3,10467,737,1052,1283,1162,1719,1936,1392,715,393,70,8
2021,03,읍면동,경기도 시흥시 능곡동 ,22954,2301,2695,3154,3410,4042,3902,2011,893,465,80,1,11406,1184,1353,1543,1777,1956,2000,1030,390,154,18,1,11548,1117,1342,1611,1633,2086,1902,981,503,311,62,0
2021,03,읍면동,경기도 시흥시 대야동 ,44725,3478,3547,6812,6964,6576,8611,5516,2031,1009,174,7,22685,1788,1822,3562,3640,3390,4254,2936,940,318,34,1,22040,1690,1725,3250,3324,3186,4357,2580,1091,691,140,6
2021,03,읍면동,경기도 시흥시 매화동 ,12133,680,1185,1650,1100,1944,2472,1690,894,448,66,4,6362,328,627,962,581,1030,1369,907,403,137,17,1,5771,352,558,688,519,914,1103,783,491,311,49,3
2021,03,읍면동,경기도 시흥시 목감동 ,42229,5855,3338,4204,8361,7454,5714,4559,1843,759,128,14,21397,2959,1713,2142,4179,4061,2861,2320,892,242,24,4,20832,2896,1625,2062,4182,3393,2853,2239,951,517,104,10
2021,03,읍면동,경기도 시흥시 배곧동 ,71063,10906,8001,9055,14531,14767,8592,3745,1029,373,63,1,36399,5535,4024,4751,7382,7820,4334,1953,468,123,9,0,34664,5371,3977,4304,7149,6947,4258,1792,561,250,54,1
2021,03,읍면동,경기도 시흥시 신천동 ,36301,1612,3223,5872,3907,5254,8117,5150,2090,936,117,23,18795,870,1677,3203,2179,2750,4169,2735,922,259,28,3,17506,742,1546,2669,1728,2504,3948,2415,1168,677,89,20
2021,03,읍면동,경기도 시흥시 신현동 ,9978,442,749,1403,966,1304,2225,1691,757,378,54,9,5237,219,392,780,555,675,1178,918,365,132,18,5,4741,223,357,623,411,629,1047,773,392,246,36,4
2021,03,읍면동,경기도 시흥시 연성동 ,23771,1699,2878,3678,2586,4180,4823,2216,1075,546,85,5,12095,875,1502,1937,1333,2058,2538,1177,461,199,13,2,11676,824,1376,1741,1253,2122,2285,1039,614,347,72,3
2021,03,읍면동,경기도 시흥시 월곶동 ,16026,1385,1479,1873,2357,3181,2701,1802,838,353,53,4,8350,684,781,1000,1255,1747,1471,871,396,134,9,2,7676,701,698,873,1102,1434,1230,931,442,219,44,2
2021,03,읍면동,경기도 시흥시 은행동 ,55731,7337,5728,6655,9800,9710,8631,5055,1832,831,146,6,27867,3719,2915,3423,4829,5007,4277,2580,852,242,22,1,27864,3618,2813,3232,4971,4703,4354,2475,980,589,124,5
2021,03,읍면동,경기도 시흥시 장곡동 ,30895,3658,3980,3912,4652,6160,5048,2121,888,408,65,3,15592,1878,2064,1988,2270,3072,2666,1118,391,130,14,1,15303,1780,1916,1924,2382,3088,2382,1003,497,278,51,2
2021,03,읍면동,경기도 시흥시 정왕1동,22571,1297,1955,3796,3378,4554,4322,2145,741,328,53,2,13326,638,1020,2444,2133,2823,2602,1224,324,110,7,1,9245,659,935,1352,1245,1731,1720,921,417,218,46,1
2021,03,읍면동,경기도 시흥시 정왕2동,32064,2394,3551,5175,4346,6125,6216,2598,1023,564,69,3,17312,1210,1829,2995,2524,3378,3305,1431,431,188,21,0,14752,1184,1722,2180,1822,2747,2911,1167,592,376,48,3
2021,03,읍면동,경기도 시흥시 정왕3동,22935,1723,2127,3065,3143,4618,4563,2336,871,406,81,2,12931,879,1109,1757,1885,2804,2593,1345,405,144,9,1,10004,844,1018,1308,1258,1814,1970,991,466,262,72,1
2021,03,읍면동,경기도 시흥시 정왕4동,21371,1651,2703,3583,2433,3829,4324,1649,727,431,40,1,10584,854,1376,1841,1232,1803,2161,877,281,145,14,0,10787,797,1327,1742,1201,2026,2163,772,446,286,26,1
2021,03,읍면동,경기도 시흥시 정왕본동,20328,1133,1119,3243,4013,4221,3765,1862,664,265,40,3,12807,571,593,2115,2736,2847,2397,1105,346,89,7,1,7521,562,526,1128,1277,1374,1368,757,318,176,33,2
2021,03,시군,경기도 안산시 ,655859,43822,63489,107137,85490,107179,127722,74188,29898,14705,2136,93,336542,22352,32693,57077,46678,54876,65241,38846,13444,4855,459,21,319317,21470,30796,50060,38812,52303,62481,35342,16454,9850,1677,72
2021,03,구,경기도 안산시 단원구 ,302351,20484,29211,48229,41250,49635,58565,34750,13039,6266,882,40,156101,10501,15130,25616,22669,25597,29983,18371,5992,2059,174,9,146250,9983,14081,22613,18581,24038,28582,16379,7047,4207,708,31
2021,03,읍면동,경기도 안산시 단원구 고잔동,21769,1122,1878,4125,3153,3212,4101,2508,1090,524,56,0,10888,559,977,2048,1764,1596,2065,1253,456,163,7,0,10881,563,901,2077,1389,1616,2036,1255,634,361,49,0
2021,03,읍면동,경기도 안산시 단원구 대부동,8889,311,371,728,667,966,1927,2231,1070,532,81,5,4689,181,192,431,384,546,1010,1155,556,210,21,3,4200,130,179,297,283,420,917,1076,514,322,60,2
2021,03,읍면동,경기도 안산시 단원구 백운동,18358,1287,1771,2772,2455,2793,3682,2397,859,303,31,8,9314,651,913,1453,1315,1402,1818,1228,421,106,6,1,9044,636,858,1319,1140,1391,1864,1169,438,197,25,7
2021,03,읍면동,경기도 안산시 단원구 선부1동 ,17935,1307,1435,2706,2971,2753,3331,2205,782,395,50,0,9211,685,750,1472,1679,1443,1595,1138,322,118,9,0,8724,622,685,1234,1292,1310,1736,1067,460,277,41,0
2021,03,읍면동,경기도 안산시 단원구 선부2동 ,16314,876,1538,2444,1828,2787,3622,2010,791,370,46,2,8848,435,820,1334,1049,1547,2048,1097,384,118,15,1,7466,441,718,1110,779,1240,1574,913,407,252,31,1
2021,03,읍면동,경기도 안산시 단원구 선부3동 ,35107,2378,3542,5717,4885,6088,6817,3713,1243,646,76,2,18066,1221,1834,3087,2638,3101,3421,2024,519,210,11,0,17041,1157,1708,2630,2247,2987,3396,1689,724,436,65,2
2021,03,읍면동,경기도 안산시 단원구 신길동,22672,1604,2479,3101,2895,4021,4340,2701,987,467,73,4,12182,831,1265,1778,1662,2240,2317,1427,483,164,14,1,10490,773,1214,1323,1233,1781,2023,1274,504,303,59,3
2021,03,읍면동,경기도 안산시 단원구 와동 ,38837,2568,3883,6042,5053,7079,7534,4063,1687,810,112,6,20489,1314,2052,3332,2830,3815,4052,2120,713,240,21,0,18348,1254,1831,2710,2223,3264,3482,1943,974,570,91,6
2021,03,읍면동,경기도 안산시 단원구 원곡동,6196,285,316,468,626,987,1597,1047,582,265,23,0,3560,142,167,282,379,595,1000,596,286,106,7,0,2636,143,149,186,247,392,597,451,296,159,16,0
2021,03,읍면동,경기도 안산시 단원구 중앙동,25198,1573,2131,5241,3869,3673,4508,2876,860,386,75,6,12542,817,1078,2601,2081,1777,2164,1484,417,109,12,2,12656,756,1053,2640,1788,1896,2344,1392,443,277,63,4
2021,03,읍면동,경기도 안산시 단원구 초지동,46976,3749,4714,7372,7287,8135,8210,4593,1851,917,143,5,24126,1931,2408,3940,4050,4182,4101,2375,819,294,25,1,22850,1818,2306,3432,3237,3953,4109,2218,1032,623,118,4
2021,03,읍면동,경기도 안산시 단원구 호수동,44100,3424,5153,7513,5561,7141,8896,4406,1237,651,116,2,22186,1734,2674,3858,2838,3353,4392,2474,616,221,26,0,21914,1690,2479,3655,2723,3788,4504,1932,621,430,90,2
2021,03,구,경기도 안산시 상록구 ,353508,23338,34278,58908,44240,57544,69157,39438,16859,8439,1254,53,180441,11851,17563,31461,24009,29279,35258,20475,7452,2796,285,12,173067,11487,16715,27447,20231,28265,33899,18963,9407,5643,969,41
2021,03,읍면동,경기도 안산시 상록구 반월동,17888,1084,1280,2193,2157,2614,3260,3015,1596,592,94,3,9005,539,665,1197,1160,1389,1601,1438,771,224,20,1,8883,545,615,996,997,1225,1659,1577,825,368,74,2
2021,03,읍면동,경기도 안산시 상록구 본오1동 ,37850,2626,3928,5986,4541,6782,7353,3851,1806,872,105,0,19555,1362,2053,3162,2471,3495,3880,2035,775,301,21,0,18295,1264,1875,2824,2070,3287,3473,1816,1031,571,84,0
2021,03,읍면동,경기도 안산시 상록구 본오2동 ,26647,1516,2767,4398,2951,4348,5419,3012,1425,712,94,5,13230,771,1357,2269,1604,2111,2681,1568,603,243,23,0,13417,745,1410,2129,1347,2237,2738,1444,822,469,71,5
2021,03,읍면동,경기도 안산시 상록구 본오3동 ,19983,933,1706,3526,2423,3055,4223,2343,1118,590,66,0,9984,488,865,1819,1320,1512,2070,1197,471,222,20,0,9999,445,841,1707,1103,1543,2153,1146,647,368,46,0
2021,03,읍면동,경기도 안산시 상록구 부곡동,21804,1434,2076,3457,2388,3559,4660,2493,1089,590,55,3,11280,745,1028,1849,1346,1860,2457,1319,457,206,13,0,10524,689,1048,1608,1042,1699,2203,1174,632,384,42,3
2021,03,읍면동,경기도 안산시 상록구 사동 ,32806,1737,2830,6015,4531,5507,6294,3022,1538,1122,198,12,17210,900,1477,3315,2627,2942,3349,1579,634,328,55,4,15596,837,1353,2700,1904,2565,2945,1443,904,794,143,8
2021,03,읍면동,경기도 안산시 상록구 사이동,32920,2457,3598,5307,4194,5451,6363,3519,1287,646,93,5,16648,1257,1846,2816,2220,2717,3181,1816,562,213,20,0,16272,1200,1752,2491,1974,2734,3182,1703,725,433,73,5
2021,03,읍면동,경기도 안산시 상록구 성포동,26609,1672,2513,4669,3205,3560,5621,3540,1109,581,130,9,13056,872,1304,2463,1663,1604,2608,1811,510,177,39,5,13553,800,1209,2206,1542,1956,3013,1729,599,404,91,4
2021,03,읍면동,경기도 안산시 상록구 안산동,9050,466,765,1113,928,1332,1851,1563,679,302,50,1,4750,237,399,639,514,728,1012,792,323,97,9,0,4300,229,366,474,414,604,839,771,356,205,41,1
2021,03,읍면동,경기도 안산시 상록구 월피동,38498,2180,3715,7109,4396,5905,8191,4399,1619,858,120,6,19697,1121,1965,3873,2385,2920,4121,2340,702,249,21,0,18801,1059,1750,3236,2011,2985,4070,2059,917,609,99,6
2021,03,읍면동,경기도 안산시 상록구 이동 ,23951,1067,1550,4396,3737,3933,4508,2755,1322,592,86,5,12839,525,808,2334,2216,2225,2441,1446,612,216,14,2,11112,542,742,2062,1521,1708,2067,1309,710,376,72,3
2021,03,읍면동,경기도 안산시 상록구 일동 ,24908,1691,2434,3815,3028,4440,4674,2665,1432,630,95,4,12696,847,1200,1957,1662,2369,2477,1351,604,212,17,0,12212,844,1234,1858,1366,2071,2197,1314,828,418,78,4
2021,03,읍면동,경기도 안산시 상록구 해양동,40594,4475,5116,6924,5761,7058,6740,3261,839,352,68,0,20491,2187,2596,3768,2821,3407,3380,1783,428,108,13,0,20103,2288,2520,3156,2940,3651,3360,1478,411,244,55,0
2021,03,시군,경기도 안성시 ,187540,13796,17926,22743,22891,30150,31452,26110,13721,7668,1044,39,96711,7094,9320,12547,12520,16113,16690,13202,6277,2734,208,6,90829,6702,8606,10196,10371,14037,14762,12908,7444,4934,836,33
2021,03,읍면동,경기도 안성시 고삼면 ,1946,44,84,191,143,179,373,482,243,177,28,2,1009,21,50,102,86,105,202,247,117,74,5,0,937,23,34,89,57,74,171,235,126,103,23,2
2021,03,읍면동,경기도 안성시 공도읍 ,59688,5839,7538,6983,8332,12071,8920,5550,2926,1355,168,6,30123,2944,3898,3730,4363,6161,4634,2616,1290,451,35,1,29565,2895,3640,3253,3969,5910,4286,2934,1636,904,133,5
2021,03,읍면동,경기도 안성시 금광면 ,7385,390,624,727,644,1019,1333,1409,696,468,72,3,3696,211,313,398,340,545,696,712,295,174,11,1,3689,179,311,329,304,474,637,697,401,294,61,2
2021,03,읍면동,경기도 안성시 대덕면 ,15340,1355,1122,2016,2565,2570,2350,1927,908,465,61,1,8593,734,583,1150,1523,1569,1374,1017,456,177,10,0,6747,621,539,866,1042,1001,976,910,452,288,51,1
2021,03,읍면동,경기도 안성시 미양면 ,5911,226,279,553,554,729,1117,1249,683,461,57,3,3209,114,152,342,344,450,616,687,333,158,12,1,2702,112,127,211,210,279,501,562,350,303,45,2
2021,03,읍면동,경기도 안성시 보개면 ,5344,161,300,488,397,545,1022,1190,708,456,73,4,2821,89,176,284,242,328,556,647,322,163,14,0,2523,72,124,204,155,217,466,543,386,293,59,4
2021,03,읍면동,경기도 안성시 삼죽면 ,3607,82,291,414,270,342,648,774,464,294,27,1,1902,43,154,222,182,201,355,407,225,110,3,0,1705,39,137,192,88,141,293,367,239,184,24,1
2021,03,읍면동,경기도 안성시 서운면 ,3340,88,139,283,243,336,665,766,460,323,36,1,1757,49,77,178,138,202,378,395,214,117,9,0,1583,39,62,105,105,134,287,371,246,206,27,1
2021,03,읍면동,경기도 안성시 안성1동,12398,702,1030,1609,1315,1721,2237,1985,1115,592,90,2,6232,342,528,877,707,914,1137,968,507,235,17,0,6166,360,502,732,608,807,1100,1017,608,357,73,2
2021,03,읍면동,경기도 안성시 안성2동,24178,2097,2583,3633,3268,4040,3883,2735,1256,608,75,0,12253,1095,1346,1937,1712,2082,1984,1351,541,186,19,0,11925,1002,1237,1696,1556,1958,1899,1384,715,422,56,0
2021,03,읍면동,경기도 안성시 안성3동,22464,1764,2513,3265,2712,3563,3941,2633,1323,660,87,3,11269,902,1309,1820,1400,1744,1982,1287,570,235,20,0,11195,862,1204,1445,1312,1819,1959,1346,753,425,67,3
2021,03,읍면동,경기도 안성시 양성면 ,5283,150,281,464,407,549,1024,1205,652,455,92,4,2760,78,130,275,236,330,571,654,309,162,15,0,2523,72,151,189,171,219,453,551,343,293,77,4
2021,03,읍면동,경기도 안성시 원곡면 ,6267,391,348,766,904,906,1163,1010,482,262,35,0,3521,227,180,476,550,554,639,561,231,91,12,0,2746,164,168,290,354,352,524,449,251,171,23,0
2021,03,읍면동,경기도 안성시 일죽면 ,7579,289,433,661,606,830,1377,1720,991,579,88,5,3947,140,236,368,368,488,754,873,492,211,15,2,3632,149,197,293,238,342,623,847,499,368,73,3
2021,03,읍면동,경기도 안성시 죽산면 ,6810,218,361,690,531,750,1399,1475,814,513,55,4,3619,105,188,388,329,440,812,780,375,190,11,1,3191,113,173,302,202,310,587,695,439,323,44,3
2021,03,시군,경기도 안양시 ,551136,39186,52059,77206,77261,87440,97080,72582,31803,14254,2166,99,272569,19915,27000,40019,39751,42918,47157,35749,14624,4903,507,26,278567,19271,25059,37187,37510,44522,49923,36833,17179,9351,1659,73
2021,03,구,경기도 안양시 동안구 ,313257,23999,33484,43108,44534,52741,54123,37498,15307,7212,1202,49,153473,12238,17312,22204,22435,25129,26057,18485,6915,2391,295,12,159784,11761,16172,20904,22099,27612,28066,19013,8392,4821,907,37
2021,03,읍면동,경기도 안양시 동안구 갈산동,11057,735,1526,1468,1068,1940,1922,1396,628,308,62,4,5402,356,774,773,545,905,930,685,304,114,15,1,5655,379,752,695,523,1035,992,711,324,194,47,3
2021,03,읍면동,경기도 안양시 동안구 관양1동 ,36486,1994,2903,5823,4782,4947,6987,5373,2433,1064,169,11,17878,1032,1526,3102,2535,2399,3260,2561,1072,342,47,2,18608,962,1377,2721,2247,2548,3727,2812,1361,722,122,9
2021,03,읍면동,경기도 안양시 동안구 관양2동 ,19113,1217,1418,2938,2984,2947,3466,2419,1132,512,77,3,9710,619,693,1580,1643,1490,1732,1218,529,186,20,0,9403,598,725,1358,1341,1457,1734,1201,603,326,57,3
2021,03,읍면동,경기도 안양시 동안구 귀인동,16674,1377,3427,1836,1239,3970,2614,1292,570,304,45,0,8219,750,1794,917,532,1801,1388,664,247,112,14,0,8455,627,1633,919,707,2169,1226,628,323,192,31,0
2021,03,읍면동,경기도 안양시 동안구 달안동,10875,652,715,1484,2254,1797,1656,1315,594,348,58,2,4945,323,374,697,1141,816,721,562,208,91,12,0,5930,329,341,787,1113,981,935,753,386,257,46,2
2021,03,읍면동,경기도 안양시 동안구 범계동,15173,1127,2252,1956,1817,2931,2480,1464,674,383,88,1,7249,558,1177,962,841,1325,1205,746,281,128,26,0,7924,569,1075,994,976,1606,1275,718,393,255,62,1
2021,03,읍면동,경기도 안양시 동안구 부림동,26884,2202,2366,3587,5720,4964,3955,2466,1018,544,60,2,13024,1082,1224,1748,2974,2391,1834,1185,394,177,14,1,13860,1120,1142,1839,2746,2573,2121,1281,624,367,46,1
2021,03,읍면동,경기도 안양시 동안구 부흥동,17366,1395,2215,2101,2173,3247,2732,2068,924,441,68,2,8344,739,1167,1073,1031,1497,1332,967,395,128,14,1,9022,656,1048,1028,1142,1750,1400,1101,529,313,54,1
2021,03,읍면동,경기도 안양시 동안구 비산1동 ,21344,1738,2192,2871,2751,3440,3847,2884,1082,455,81,3,10410,920,1148,1427,1322,1641,1831,1425,500,177,19,0,10934,818,1044,1444,1429,1799,2016,1459,582,278,62,3
2021,03,읍면동,경기도 안양시 동안구 비산2동 ,10948,772,1064,1608,1361,1653,2095,1495,630,227,43,0,5291,385,532,825,668,780,979,746,297,70,9,0,5657,387,532,783,693,873,1116,749,333,157,34,0
2021,03,읍면동,경기도 안양시 동안구 비산3동 ,17881,878,1329,2725,2300,2257,3626,2902,1187,566,107,4,8837,437,719,1457,1217,1119,1707,1426,553,172,29,1,9044,441,610,1268,1083,1138,1919,1476,634,394,78,3
2021,03,읍면동,경기도 안양시 동안구 신촌동,13067,934,1593,1844,1606,2132,2412,1644,612,240,50,0,6454,460,833,954,822,981,1164,845,300,84,11,0,6613,474,760,890,784,1151,1248,799,312,156,39,0
2021,03,읍면동,경기도 안양시 동안구 평안동,23681,2377,3709,2563,3170,5233,3428,1918,768,435,78,2,11517,1214,1906,1334,1468,2436,1732,966,316,124,19,2,12164,1163,1803,1229,1702,2797,1696,952,452,311,59,0
2021,03,읍면동,경기도 안양시 동안구 평촌동,14798,1338,1638,2127,1869,2418,2929,1513,576,347,37,6,7285,688,839,1118,891,1123,1446,764,277,127,11,1,7513,650,799,1009,978,1295,1483,749,299,220,26,5
2021,03,읍면동,경기도 안양시 동안구 호계1동 ,16284,2239,1473,1822,3508,2866,2188,1443,509,190,41,5,8223,1141,772,913,1753,1488,1100,715,266,69,5,1,8061,1098,701,909,1755,1378,1088,728,243,121,36,4
2021,03,읍면동,경기도 안양시 동안구 호계2동 ,19925,1432,1621,3154,3004,2781,3657,2819,981,409,66,1,9782,716,832,1618,1559,1331,1719,1390,457,144,15,1,10143,716,789,1536,1445,1450,1938,1429,524,265,51,0
2021,03,읍면동,경기도 안양시 동안구 호계3동 ,21701,1592,2043,3201,2928,3218,4129,3087,989,439,72,3,10903,818,1002,1706,1493,1606,1977,1620,519,146,15,1,10798,774,1041,1495,1435,1612,2152,1467,470,293,57,2
2021,03,구,경기도 안양시 만안구 ,237879,15187,18575,34098,32727,34699,42957,35084,16496,7042,964,50,119096,7677,9688,17815,17316,17789,21100,17264,7709,2512,212,14,118783,7510,8887,16283,15411,16910,21857,17820,8787,4530,752,36
2021,03,읍면동,경기도 안양시 만안구 박달1동 ,15147,659,1133,2127,1653,2148,3085,2436,1299,539,63,5,7623,307,593,1103,924,1116,1610,1191,590,176,12,1,7524,352,540,1024,729,1032,1475,1245,709,363,51,4
2021,03,읍면동,경기도 안양시 만안구 박달2동 ,22618,2008,2307,3205,3387,3470,3777,2881,1058,453,71,1,11297,1041,1207,1719,1733,1717,1746,1449,517,156,12,0,11321,967,1100,1486,1654,1753,2031,1432,541,297,59,1
2021,03,읍면동,경기도 안양시 만안구 석수1동 ,19570,1384,1492,2538,2692,2892,3452,3021,1376,609,114,0,9623,747,793,1320,1343,1397,1614,1485,694,203,27,0,9947,637,699,1218,1349,1495,1838,1536,682,406,87,0
2021,03,읍면동,경기도 안양시 만안구 석수2동 ,32188,2144,2603,4590,4091,4804,6107,4532,2212,964,138,3,16127,1086,1396,2413,2078,2462,3023,2264,1024,354,27,0,16061,1058,1207,2177,2013,2342,3084,2268,1188,610,111,3
2021,03,읍면동,경기도 안양시 만안구 석수3동 ,13495,899,1319,1939,1507,2073,2545,1934,843,387,49,0,6773,432,710,1062,779,1038,1263,977,385,120,7,0,6722,467,609,877,728,1035,1282,957,458,267,42,0
2021,03,읍면동,경기도 안양시 만안구 안양1동 ,12539,899,1068,1936,1862,1957,2172,1578,740,276,50,1,6243,444,544,963,968,975,1099,774,352,112,12,0,6296,455,524,973,894,982,1073,804,388,164,38,1
2021,03,읍면동,경기도 안양시 만안구 안양2동 ,21583,1128,1494,3479,2902,2974,3966,3299,1612,640,83,6,10827,537,782,1723,1585,1560,1938,1672,776,238,14,2,10756,591,712,1756,1317,1414,2028,1627,836,402,69,4
2021,03,읍면동,경기도 안양시 만안구 안양3동 ,16593,805,1300,2444,2158,2304,3029,2734,1282,482,54,1,8268,428,669,1311,1165,1182,1449,1306,577,167,13,1,8325,377,631,1133,993,1122,1580,1428,705,315,41,0
2021,03,읍면동,경기도 안양시 만안구 안양4동 ,7177,258,488,1067,930,965,1321,1075,673,354,46,0,3590,131,237,527,519,527,690,526,280,131,22,0,3587,127,251,540,411,438,631,549,393,223,24,0
2021,03,읍면동,경기도 안양시 만안구 안양5동 ,10481,470,721,1400,1335,1457,1891,1792,909,450,52,4,5214,240,383,742,715,742,969,860,398,153,11,1,5267,230,338,658,620,715,922,932,511,297,41,3
2021,03,읍면동,경기도 안양시 만안구 안양6동 ,22566,1401,1408,3375,3916,3364,3773,3173,1430,649,69,8,11602,711,719,1774,2168,1814,1912,1542,701,232,27,2,10964,690,689,1601,1748,1550,1861,1631,729,417,42,6
2021,03,읍면동,경기도 안양시 만안구 안양7동 ,15578,1708,1280,1983,2673,2568,2557,1755,738,258,53,5,7652,841,647,998,1281,1314,1269,847,346,96,11,2,7926,867,633,985,1392,1254,1288,908,392,162,42,3
2021,03,읍면동,경기도 안양시 만안구 안양8동 ,10859,456,706,1588,1488,1448,1991,1920,872,339,47,4,5610,239,369,867,886,791,977,934,408,135,4,0,5249,217,337,721,602,657,1014,986,464,204,43,4
2021,03,읍면동,경기도 안양시 만안구 안양9동 ,17485,968,1256,2427,2133,2275,3291,2954,1452,642,75,12,8647,493,639,1293,1172,1154,1541,1437,661,239,13,5,8838,475,617,1134,961,1121,1750,1517,791,403,62,7
2021,03,읍면동,경기도 안중출장소 ,0,0,0,0,0,0,0,0,0,0,0,0,0,0,0,0,0,0,0,0,0,0,0,0,0,0,0,0,0,0,0,0,0,0,0,0
2021,03,시군,경기도 양주시 ,234181,20241,24407,27678,28594,40017,38658,29732,16375,7362,1070,47,118821,10322,12428,14848,14749,20613,20297,14923,7608,2793,230,10,115360,9919,11979,12830,13845,19404,18361,14809,8767,4569,840,37
2021,03,읍면동,경기도 양주시 광적면 ,11884,613,848,1264,1132,1685,2455,2209,1071,532,74,1,6423,308,458,744,635,959,1373,1202,520,206,18,0,5461,305,390,520,497,726,1082,1007,551,326,56,1
2021,03,읍면동,경기도 양주시 남면,6880,369,375,814,769,786,1222,1409,693,368,73,2,3846,175,192,520,469,474,727,796,342,137,14,0,3034,194,183,294,300,312,495,613,351,231,59,2
2021,03,읍면동,경기도 양주시 백석읍 ,26270,1337,2529,3247,2276,3887,5167,4291,2256,1125,149,6,13283,654,1299,1780,1230,1978,2697,2181,1038,400,26,0,12987,683,1230,1467,1046,1909,2470,2110,1218,725,123,6
2021,03,읍면동,경기도 양주시 양주1동,5312,202,266,582,441,621,1045,1102,672,332,47,2,2805,103,146,325,251,355,551,619,313,135,7,0,2507,99,120,257,190,266,494,483,359,197,40,2
2021,03,읍면동,경기도 양주시 양주2동,49984,4736,6958,5406,5344,10103,7454,5155,3365,1287,170,6,24434,2395,3498,2739,2588,4970,3888,2282,1526,506,42,0,25550,2341,3460,2667,2756,5133,3566,2873,1839,781,128,6
2021,03,읍면동,경기도 양주시 은현면 ,5883,144,316,651,461,658,1247,1371,658,319,58,0,3352,71,176,394,293,415,764,771,340,115,13,0,2531,73,140,257,168,243,483,600,318,204,45,0
2021,03,읍면동,경기도 양주시 장흥면 ,10416,484,518,1090,1079,1121,1801,2222,1299,649,148,5,5346,256,288,658,601,605,898,1097,650,257,33,3,5070,228,230,432,478,516,903,1125,649,392,115,2
2021,03,읍면동,경기도 양주시 회천1동,9710,623,751,1536,1173,1342,1794,1364,730,338,47,12,5114,306,391,885,633,731,977,706,337,134,12,2,4596,317,360,651,540,611,817,658,393,204,35,10
2021,03,읍면동,경기도 양주시 회천2동,27083,1907,2644,3456,2891,4317,5409,3733,1859,774,91,2,13759,990,1377,1825,1536,2235,2782,1897,817,282,18,0,13324,917,1267,1631,1355,2082,2627,1836,1042,492,73,2
2021,03,읍면동,경기도 양주시 회천3동,27408,2234,3452,3873,2998,4984,4647,2549,1656,906,103,6,13592,1158,1770,2031,1492,2457,2388,1240,666,355,30,5,13816,1076,1682,1842,1506,2527,2259,1309,990,551,73,1
2021,03,읍면동,경기도 양주시 회천4동,53351,7592,5750,5759,10030,10513,6417,4327,2116,732,110,5,26867,3906,2833,2947,5021,5434,3252,2132,1059,266,17,0,26484,3686,2917,2812,5009,5079,3165,2195,1057,466,93,5
2021,03,읍면동,경기도 양평군 ,119260,7235,9689,10577,10759,16287,20728,23399,13129,6413,1003,41,59853,3691,5108,5878,5438,8268,10658,11646,6448,2477,231,10,59407,3544,4581,4699,5321,8019,10070,11753,6681,3936,772,31
2021,03,읍면동,경기도 양평군 강상면 ,10478,925,946,839,1190,1693,1646,1805,959,413,59,3,5194,466,494,442,559,852,833,882,495,157,14,0,5284,459,452,397,631,841,813,923,464,256,45,3
2021,03,읍면동,경기도 양평군 강하면 ,4773,174,241,348,358,515,879,1268,706,237,46,1,2408,93,143,199,188,258,441,607,376,94,8,1,2365,81,98,149,170,257,438,661,330,143,38,0
2021,03,읍면동,경기도 양평군 개군면 ,5169,232,332,405,369,600,884,1233,717,349,47,1,2614,108,183,226,196,322,468,616,355,132,8,0,2555,124,149,179,173,278,416,617,362,217,39,1
2021,03,읍면동,경기도 양평군 단월면 ,3861,127,225,243,283,420,664,978,561,316,44,0,1949,63,113,137,162,220,356,499,270,122,7,0,1912,64,112,106,121,200,308,479,291,194,37,0
2021,03,읍면동,경기도 양평군 서종면 ,9746,624,849,609,827,1488,1704,2105,1045,413,79,3,4841,301,454,337,385,746,855,1018,560,165,20,0,4905,323,395,272,442,742,849,1087,485,248,59,3
2021,03,읍면동,경기도 양평군 양동면 ,4584,138,192,281,290,380,909,1166,702,441,81,4,2280,79,100,162,158,206,480,575,328,172,19,1,2304,59,92,119,132,174,429,591,374,269,62,3
2021,03,읍면동,경기도 양평군 양서면 ,13633,730,1042,1216,1198,1813,2426,2745,1639,699,114,11,6786,370,541,652,610,918,1222,1329,803,311,24,6,6847,360,501,564,588,895,1204,1416,836,388,90,5
2021,03,읍면동,경기도 양평군 양평읍 ,30731,2189,3271,3554,3191,4810,5384,4543,2427,1200,154,8,15418,1134,1685,1973,1613,2321,2781,2264,1176,433,38,0,15313,1055,1586,1581,1578,2489,2603,2279,1251,767,116,8
2021,03,읍면동,경기도 양평군 옥천면 ,7990,474,559,733,769,1069,1381,1685,873,390,56,1,4043,225,302,429,399,562,695,849,426,140,16,0,3947,249,257,304,370,507,686,836,447,250,40,1
2021,03,읍면동,경기도 양평군 용문면 ,17717,1287,1499,1653,1688,2463,2921,3153,1898,978,173,4,8910,657,789,920,853,1280,1510,1578,901,384,38,0,8807,630,710,733,835,1183,1411,1575,997,594,135,4
2021,03,읍면동,경기도 양평군 지평면 ,6819,225,375,472,403,681,1262,1711,991,589,107,3,3486,133,213,278,211,374,665,914,462,206,29,1,3333,92,162,194,192,307,597,797,529,383,78,2
2021,03,읍면동,경기도 양평군 청운면 ,3759,110,158,224,193,355,668,1007,611,388,43,2,1924,62,91,123,104,209,352,515,296,161,10,1,1835,48,67,101,89,146,316,492,315,227,33,1
2021,03,시군,경기도 여주시 ,111903,7306,9477,12193,11398,15894,20079,19076,10220,5383,850,27,56842,3754,4874,6683,6001,8217,10518,9718,4886,1991,193,7,55061,3552,4603,5510,5397,7677,9561,9358,5334,3392,657,20
2021,03,읍면동,경기도 여주시 가남읍 ,15507,1004,1260,1676,1779,2228,2792,2603,1346,708,107,4,8015,490,648,932,998,1188,1498,1316,656,260,26,3,7492,514,612,744,781,1040,1294,1287,690,448,81,1
2021,03,읍면동,경기도 여주시 강천면 ,4195,143,266,344,298,466,866,900,559,286,67,0,2179,74,139,204,156,255,486,453,286,114,12,0,2016,69,127,140,142,211,380,447,273,172,55,0
2021,03,읍면동,경기도 여주시 금사면 ,2987,91,140,228,189,259,581,768,465,223,43,0,1551,45,64,149,101,148,312,406,231,88,7,0,1436,46,76,79,88,111,269,362,234,135,36,0
2021,03,읍면동,경기도 여주시 능서면 ,6349,280,437,546,475,681,1116,1398,827,504,83,2,3262,126,222,308,250,412,616,735,407,168,17,1,3087,154,215,238,225,269,500,663,420,336,66,1
2021,03,읍면동,경기도 여주시 대신면 ,6969,211,407,603,442,670,1287,1651,983,619,94,2,3635,104,231,368,257,368,694,882,455,245,31,0,3334,107,176,235,185,302,593,769,528,374,63,2
2021,03,읍면동,경기도 여주시 북내면 ,4904,163,346,414,306,567,998,1033,613,403,59,2,2541,87,201,229,164,301,576,543,274,149,17,0,2363,76,145,185,142,266,422,490,339,254,42,2
2021,03,읍면동,경기도 여주시 산북면 ,2517,115,140,192,177,267,439,600,364,193,29,1,1269,53,67,105,100,146,231,302,174,82,8,1,1248,62,73,87,77,121,208,298,190,111,21,0
2021,03,읍면동,경기도 여주시 여흥동 ,21736,1506,1960,2813,2442,3478,3856,3267,1564,735,110,5,10848,772,1006,1497,1255,1752,1919,1632,728,264,22,1,10888,734,954,1316,1187,1726,1937,1635,836,471,88,4
2021,03,읍면동,경기도 여주시 오학동 ,18458,2068,1830,2104,2672,3250,3023,2072,954,426,57,2,9166,1085,902,1103,1329,1623,1479,1036,450,150,9,0,9292,983,928,1001,1343,1627,1544,1036,504,276,48,2
2021,03,읍면동,경기도 여주시 점동면 ,4664,196,253,443,292,407,870,1092,665,389,54,3,2423,110,140,264,162,228,470,556,344,134,14,1,2241,86,113,179,130,179,400,536,321,255,40,2
2021,03,읍면동,경기도 여주시 중앙동 ,18517,1360,2159,2422,1968,3097,3317,2451,1153,510,76,4,9288,715,1097,1292,1020,1517,1724,1209,517,184,13,0,9229,645,1062,1130,948,1580,1593,1242,636,326,63,4
2021,03,읍면동,경기도 여주시 흥천면 ,5100,169,279,408,358,524,934,1241,727,387,71,2,2665,93,157,232,209,279,513,648,364,153,17,0,2435,76,122,176,149,245,421,593,363,234,54,2
2021,03,읍면동,경기도 연천군 ,43063,2655,3123,5325,4176,4863,6998,7657,5011,2828,404,23,22577,1349,1655,3377,2385,2669,3762,3973,2281,1007,112,7,20486,1306,1468,1948,1791,2194,3236,3684,2730,1821,292,16
2021,03,읍면동,경기도 연천군 군남면 ,3167,90,169,332,185,279,566,706,500,308,29,3,1691,48,92,231,109,171,309,388,226,108,8,1,1476,42,77,101,76,108,257,318,274,200,21,2
2021,03,읍면동,경기도 연천군 미산면 ,1770,49,66,137,126,130,330,487,259,161,23,2,952,27,38,88,73,80,177,278,116,67,7,1,818,22,28,49,53,50,153,209,143,94,16,1
2021,03,읍면동,경기도 연천군 백학면 ,2615,82,143,235,172,243,491,577,420,234,17,1,1407,40,85,147,107,140,275,306,201,100,6,0,1208,42,58,88,65,103,216,271,219,134,11,1
2021,03,읍면동,경기도 연천군 신서면 ,2728,60,106,325,144,238,406,655,501,259,32,2,1461,30,48,250,89,148,229,332,238,88,8,1,1267,30,58,75,55,90,177,323,263,171,24,1
2021,03,읍면동,경기도 연천군 연천읍 ,7827,676,447,1234,1019,802,1044,1137,867,513,84,4,4244,335,250,854,608,456,586,572,373,183,27,0,3583,341,197,380,411,346,458,565,494,330,57,4
2021,03,읍면동,경기도 연천군 왕징면 ,1015,25,47,77,66,75,159,237,218,99,11,1,544,15,30,48,39,50,89,125,104,42,1,1,471,10,17,29,27,25,70,112,114,57,10,0
2021,03,읍면동,경기도 연천군 장남면 ,729,23,35,58,41,61,132,169,128,70,12,0,369,15,18,36,22,42,63,85,61,27,0,0,360,8,17,22,19,19,69,84,67,43,12,0
2021,03,읍면동,경기도 연천군 전곡읍 ,19153,1520,1919,2422,2158,2620,3159,2794,1541,859,154,7,9731,782,981,1357,1170,1334,1646,1426,710,279,43,3,9422,738,938,1065,988,1286,1513,1368,831,580,111,4
2021,03,읍면동,경기도 연천군 중면,197,7,9,48,11,17,32,34,26,12,1,0,119,4,4,41,7,9,18,18,14,4,0,0,78,3,5,7,4,8,14,16,12,8,1,0
2021,03,읍면동,경기도 연천군 청산면 ,3862,123,182,457,254,398,679,861,551,313,41,3,2059,53,109,325,161,239,370,443,238,109,12,0,1803,70,73,132,93,159,309,418,313,204,29,3
2021,03,시군,경기도 오산시 ,230604,23226,24947,31546,38603,43592,33504,20661,9871,4114,509,31,119343,11827,12729,17043,20875,23155,17517,10229,4352,1506,101,9,111261,11399,12218,14503,17728,20437,15987,10432,5519,2608,408,22
2021,03,읍면동,경기도 오산시 남촌동 ,20394,894,1183,3838,4922,3788,2848,1755,819,315,28,4,12034,438,595,2177,3178,2366,1799,961,388,128,4,0,8360,456,588,1661,1744,1422,1049,794,431,187,24,4
2021,03,읍면동,경기도 오산시 대원동 ,64677,6057,7220,9772,10013,12088,9953,5553,2743,1126,149,3,33606,3083,3785,5381,5398,6345,5208,2755,1174,438,38,1,31071,2974,3435,4391,4615,5743,4745,2798,1569,688,111,2
2021,03,읍면동,경기도 오산시 세마동 ,32117,4002,3340,4072,5998,6133,4258,2723,1099,422,69,1,16429,2010,1701,2149,3131,3210,2160,1372,537,153,6,0,15688,1992,1639,1923,2867,2923,2098,1351,562,269,63,1
2021,03,읍면동,경기도 오산시 신장동 ,61106,6979,7041,7144,9854,11655,8493,5795,2810,1171,152,12,30851,3559,3565,3774,5096,6157,4278,2763,1231,391,34,3,30255,3420,3476,3370,4758,5498,4215,3032,1579,780,118,9
2021,03,읍면동,경기도 오산시 중앙동 ,36023,3926,4209,4467,5461,6807,5422,3295,1624,728,78,6,18053,2023,2071,2334,2791,3468,2769,1618,688,277,12,2,17970,1903,2138,2133,2670,3339,2653,1677,936,451,66,4
2021,03,읍면동,경기도 오산시 초평동 ,16287,1368,1954,2253,2355,3121,2530,1540,776,352,33,5,8370,714,1012,1228,1281,1609,1303,760,334,119,7,3,7917,654,942,1025,1074,1512,1227,780,442,233,26,2
2021,03,시군,경기도 용인시 ,1075421,99274,120661,138150,143848,199206,166732,108765,65843,28543,4249,150,533356,50761,61825,71627,71049,98334,84780,52022,29899,11900,1133,26,542065,48513,58836,66523,72799,100872,81952,56743,35944,16643,3116,124
2021,03,구,경기도 용인시 기흥구 ,440164,41852,50505,57075,58493,83226,67400,42010,26396,11449,1693,65,217273,21492,25927,29559,28640,40740,34041,19687,11843,4855,476,13,222891,20360,24578,27516,29853,42486,33359,22323,14553,6594,1217,52
2021,03,읍면동,경기도 용인시 기흥구 구갈동,41945,4283,3340,6697,7732,7053,6550,3643,1868,659,113,7,20899,2199,1704,3260,3885,3613,3304,1771,875,263,24,1,21046,2084,1636,3437,3847,3440,3246,1872,993,396,89,6
2021,03,읍면동,경기도 용인시 기흥구 구성동,39284,3276,4785,4339,4131,7683,5916,4350,3195,1396,206,7,19006,1694,2464,2260,1994,3712,2899,1914,1388,635,45,1,20278,1582,2321,2079,2137,3971,3017,2436,1807,761,161,6
2021,03,읍면동,경기도 용인시 기흥구 기흥동,21572,1819,2177,2553,2763,3827,3540,2737,1459,604,89,4,10701,927,1132,1357,1385,1930,1732,1277,688,259,13,1,10871,892,1045,1196,1378,1897,1808,1460,771,345,76,3
2021,03,읍면동,경기도 용인시 기흥구 동백1동 ,32966,3380,5689,3596,3332,7842,4756,2156,1502,623,87,3,15836,1663,2863,1812,1488,3706,2509,935,593,237,30,0,17130,1717,2826,1784,1844,4136,2247,1221,909,386,57,3
2021,03,읍면동,경기도 용인시 기흥구 동백2동 ,27294,2619,4665,3235,2340,6233,4348,2015,1205,555,78,1,13412,1364,2409,1674,1001,2858,2353,947,553,231,21,1,13882,1255,2256,1561,1339,3375,1995,1068,652,324,57,0
2021,03,읍면동,경기도 용인시 기흥구 동백3동 ,23456,2944,2960,2224,3073,4899,2704,2053,1720,788,89,2,11391,1538,1513,1096,1408,2408,1381,868,770,373,34,2,12065,1406,1447,1128,1665,2491,1323,1185,950,415,55,0
2021,03,읍면동,경기도 용인시 기흥구 마북동,32261,2630,3069,4083,4041,5372,5112,3762,2808,1206,171,7,15741,1376,1582,2090,1967,2594,2486,1763,1266,555,60,2,16520,1254,1487,1993,2074,2778,2626,1999,1542,651,111,5
2021,03,읍면동,경기도 용인시 기흥구 보라동,33640,2971,4345,4041,3862,6464,5280,3405,2213,917,134,8,16670,1546,2240,2061,1886,3207,2671,1605,1018,389,45,2,16970,1425,2105,1980,1976,3257,2609,1800,1195,528,89,6
2021,03,읍면동,경기도 용인시 기흥구 보정동,36473,3320,4556,4209,4053,7342,5380,3498,2807,1137,166,5,17926,1751,2362,2179,1876,3456,2773,1643,1304,532,50,0,18547,1569,2194,2030,2177,3886,2607,1855,1503,605,116,5
2021,03,읍면동,경기도 용인시 기흥구 상갈동,13295,926,1255,1977,1858,2368,2260,1309,883,416,43,0,6882,507,620,1055,1023,1227,1220,649,387,184,10,0,6413,419,635,922,835,1141,1040,660,496,232,33,0
2021,03,읍면동,경기도 용인시 기흥구 상하동,24921,1934,2798,3436,2791,4381,4485,2760,1574,661,96,5,12183,1020,1456,1770,1336,2101,2218,1318,693,248,23,0,12738,914,1342,1666,1455,2280,2267,1442,881,413,73,5
2021,03,읍면동,경기도 용인시 기흥구 서농동,26262,3137,2509,5277,4545,4482,3209,1889,834,338,41,1,13479,1548,1264,3111,2275,2307,1559,925,363,120,7,0,12783,1589,1245,2166,2270,2175,1650,964,471,218,34,1
2021,03,읍면동,경기도 용인시 기흥구 신갈동,38625,3332,3577,5102,6150,6567,6217,4052,2399,1091,130,8,19229,1672,1849,2538,3207,3289,3148,1991,1035,459,40,1,19396,1660,1728,2564,2943,3278,3069,2061,1364,632,90,7
2021,03,읍면동,경기도 용인시 기흥구 영덕1동 ,30590,3420,3535,3843,4601,5964,4866,2647,1170,454,86,4,15202,1737,1839,1985,2275,2950,2461,1251,539,149,15,1,15388,1683,1696,1858,2326,3014,2405,1396,631,305,71,3
2021,03,읍면동,경기도 용인시 기흥구 영덕2동 ,17580,1861,1245,2463,3221,2749,2777,1734,759,604,164,3,8716,950,630,1311,1634,1382,1327,830,371,221,59,1,8864,911,615,1152,1587,1367,1450,904,388,383,105,2
2021,03,구,경기도 용인시 수지구 ,377127,36455,45511,46584,51427,72502,55898,34403,23363,9572,1371,41,183838,18572,23143,23359,24370,34700,28334,16032,10620,4307,397,4,193289,17883,22368,23225,27057,37802,27564,18371,12743,5265,974,37
2021,03,읍면동,경기도 용인시 수지구 동천동,49575,5688,5386,5546,7821,9605,7090,4761,2587,923,163,5,24424,2964,2771,2779,3642,4728,3591,2289,1217,402,41,0,25151,2724,2615,2767,4179,4877,3499,2472,1370,521,122,5
2021,03,읍면동,경기도 용인시 수지구 상현1동 ,48529,4749,6137,6298,6739,9317,7079,4148,2785,1108,162,7,23406,2335,3096,3056,3183,4437,3571,1918,1261,511,37,1,25123,2414,3041,3242,3556,4880,3508,2230,1524,597,125,6
2021,03,읍면동,경기도 용인시 수지구 상현2동 ,33811,3311,4204,3873,4181,6494,5107,3076,2445,974,144,2,16454,1707,2173,1946,1966,3091,2556,1398,1121,450,46,0,17357,1604,2031,1927,2215,3403,2551,1678,1324,524,98,2
2021,03,읍면동,경기도 용인시 수지구 성복동,53960,5508,6536,5755,6154,10456,7909,5601,4312,1499,222,8,25976,2803,3224,2908,2684,4881,4035,2519,2104,753,63,2,27984,2705,3312,2847,3470,5575,3874,3082,2208,746,159,6
2021,03,읍면동,경기도 용인시 수지구 신봉동,38045,3472,5281,4072,4038,7901,5769,3492,2786,1086,147,1,18460,1742,2708,2104,1836,3654,2987,1614,1250,523,42,0,19585,1730,2573,1968,2202,4247,2782,1878,1536,563,105,1
2021,03,읍면동,경기도 용인시 수지구 죽전1동 ,56661,4907,7035,7885,6874,10741,8808,5295,3334,1572,203,7,27350,2480,3558,3899,3231,5129,4359,2498,1456,675,65,0,29311,2427,3477,3986,3643,5612,4449,2797,1878,897,138,7
2021,03,읍면동,경기도 용인시 수지구 죽전2동 ,18432,1474,1584,2788,3227,3032,2891,1818,1044,483,89,2,9124,775,814,1432,1631,1491,1415,855,483,199,29,0,9308,699,770,1356,1596,1541,1476,963,561,284,60,2
2021,03,읍면동,경기도 용인시 수지구 풍덕천1동,36647,2717,3637,5408,6228,6029,5437,3727,2327,997,132,8,18283,1410,1865,2796,3291,2948,2743,1734,1040,415,40,1,18364,1307,1772,2612,2937,3081,2694,1993,1287,582,92,7
2021,03,읍면동,경기도 용인시 수지구 풍덕천2동,41467,4629,5711,4959,6165,8927,5808,2485,1743,930,109,1,20361,2356,2934,2439,2906,4341,3077,1207,688,379,34,0,21106,2273,2777,2520,3259,4586,2731,1278,1055,551,75,1
2021,03,구,경기도 용인시 처인구 ,258130,20967,24645,34491,33928,43478,43434,32352,16084,7522,1185,44,132245,10697,12755,18709,18039,22894,22405,16303,7436,2738,260,9,125885,10270,11890,15782,15889,20584,21029,16049,8648,4784,925,35
2021,03,읍면동,경기도 용인시 처인구 남사읍,23705,3204,1950,1885,4190,4206,3071,2968,1509,612,107,3,11946,1604,974,1002,2077,2291,1542,1442,762,226,25,1,11759,1600,976,883,2113,1915,1529,1526,747,386,82,2
2021,03,읍면동,경기도 용인시 처인구 동부동,13050,667,1124,1839,1420,1952,2578,2042,980,377,68,3,6768,347,615,1027,804,1009,1301,1048,456,141,19,1,6282,320,509,812,616,943,1277,994,524,236,49,2
2021,03,읍면동,경기도 용인시 처인구 모현읍,26592,1947,2396,3426,3087,4496,4716,3712,1851,830,129,2,13903,1021,1234,1912,1615,2423,2543,1915,888,328,24,0,12689,926,1162,1514,1472,2073,2173,1797,963,502,105,2
2021,03,읍면동,경기도 용인시 처인구 백암면,8410,238,498,849,741,992,1564,1853,940,644,89,2,4549,136,263,515,448,608,874,1004,453,227,21,0,3861,102,235,334,293,384,690,849,487,417,68,2
2021,03,읍면동,경기도 용인시 처인구 양지면,18921,1265,1748,2345,2417,3100,3396,2723,1192,612,114,9,10050,664,935,1322,1386,1705,1776,1444,576,211,30,1,8871,601,813,1023,1031,1395,1620,1279,616,401,84,8
2021,03,읍면동,경기도 용인시 처인구 역삼동,44677,4801,4439,7179,7353,7741,6434,3926,1894,777,128,5,22384,2473,2257,3670,3774,3936,3144,1935,862,302,29,2,22293,2328,2182,3509,3579,3805,3290,1991,1032,475,99,3
2021,03,읍면동,경기도 용인시 처인구 원삼면,8208,342,511,733,724,1068,1603,1712,949,484,81,1,4276,172,272,412,423,589,850,883,485,173,17,0,3932,170,239,321,301,479,753,829,464,311,64,1
2021,03,읍면동,경기도 용인시 처인구 유림동,36152,3108,4333,4927,4509,6783,6205,3489,1867,814,112,5,18235,1571,2241,2659,2301,3400,3203,1731,798,303,28,0,17917,1537,2092,2268,2208,3383,3002,1758,1069,511,84,5
2021,03,읍면동,경기도 용인시 처인구 이동읍,20316,1551,1784,2136,2370,3315,3703,3045,1519,756,131,6,10389,760,933,1212,1312,1802,1937,1482,678,249,23,1,9927,791,851,924,1058,1513,1766,1563,841,507,108,5
2021,03,읍면동,경기도 용인시 처인구 중앙동,24769,1539,2238,4416,3180,3870,4190,3076,1456,696,101,7,12531,771,1134,2323,1756,2027,2089,1511,641,255,21,3,12238,768,1104,2093,1424,1843,2101,1565,815,441,80,4
2021,03,읍면동,경기도 용인시 처인구 포곡읍,33330,2305,3624,4756,3937,5955,5974,3806,1927,920,125,1,17214,1178,1897,2655,2143,3104,3146,1908,837,323,23,0,16116,1127,1727,2101,1794,2851,2828,1898,1090,597,102,1
2021,03,시군,경기도 의왕시 ,162443,12888,14393,23187,22644,24241,29177,21808,9109,4243,729,24,80839,6692,7398,12216,11675,11998,14050,10883,4287,1473,164,3,81604,6196,6995,10971,10969,12243,15127,10925,4822,2770,565,21
2021,03,읍면동,경기도 의왕시 고천동 ,14433,875,959,2477,2620,1738,2032,2187,1019,441,83,2,7330,471,508,1278,1455,904,958,1078,503,158,16,1,7103,404,451,1199,1165,834,1074,1109,516,283,67,1
2021,03,읍면동,경기도 의왕시 내손1동,21002,1518,2030,3247,2392,3127,4188,2752,1068,563,110,7,10301,790,1079,1674,1186,1467,2009,1391,492,190,23,0,10701,728,951,1573,1206,1660,2179,1361,576,373,87,7
2021,03,읍면동,경기도 의왕시 내손2동,23095,2327,2066,3195,3521,3522,4107,2747,997,518,93,2,11362,1200,1072,1661,1698,1739,1971,1383,443,173,22,0,11733,1127,994,1534,1823,1783,2136,1364,554,345,71,2
2021,03,읍면동,경기도 의왕시 부곡동 ,29529,2174,2419,4191,4140,4390,5155,3869,2022,1028,137,4,15034,1138,1241,2287,2257,2304,2570,1933,897,372,35,0,14495,1036,1178,1904,1883,2086,2585,1936,1125,656,102,4
2021,03,읍면동,경기도 의왕시 오전동 ,37413,2718,3820,4944,4642,5872,6805,5406,2182,874,148,2,18588,1358,1975,2610,2375,2858,3276,2712,1069,324,30,1,18825,1360,1845,2334,2267,3014,3529,2694,1113,550,118,1
2021,03,읍면동,경기도 의왕시 청계동 ,36971,3276,3099,5133,5329,5592,6890,4847,1821,819,158,7,18224,1735,1523,2706,2704,2726,3266,2386,883,256,38,1,18747,1541,1576,2427,2625,2866,3624,2461,938,563,120,6
2021,03,시군,경기도 의정부시,461143,33963,42135,64877,59663,74309,80292,58388,31148,14342,1899,127,227191,17530,21766,32835,30466,37360,39446,28275,13725,5322,439,27,233952,16433,20369,32042,29197,36949,40846,30113,17423,9020,1460,100
2021,03,읍면동,경기도 의정부시 가능동,25963,1494,2014,3594,3255,3839,4926,3804,2022,902,108,5,12996,762,1068,1876,1751,1969,2436,1886,891,340,16,1,12967,732,946,1718,1504,1870,2490,1918,1131,562,92,4
2021,03,읍면동,경기도 의정부시 녹양동,21957,1485,2115,2995,2585,3499,3946,2922,1542,741,125,2,10983,790,1149,1584,1326,1768,1960,1415,675,284,32,0,10974,695,966,1411,1259,1731,1986,1507,867,457,93,2
2021,03,읍면동,경기도 의정부시 송산1동 ,40283,3408,3564,5541,5716,6515,6974,4933,2253,1207,165,7,20008,1724,1857,2858,2976,3255,3394,2476,1041,397,28,2,20275,1684,1707,2683,2740,3260,3580,2457,1212,810,137,5
2021,03,읍면동,경기도 의정부시 송산2동 ,33676,2774,4231,4582,3779,6248,5997,3083,1901,939,139,3,16681,1432,2166,2428,1863,3019,3080,1492,802,369,29,1,16995,1342,2065,2154,1916,3229,2917,1591,1099,570,110,2
2021,03,읍면동,경기도 의정부시 송산3동 ,46734,6587,5177,5189,8203,9123,6111,3816,1714,713,98,3,22741,3376,2582,2580,3884,4589,2941,1779,767,216,26,1,23993,3211,2595,2609,4319,4534,3170,2037,947,497,72,2
2021,03,읍면동,경기도 의정부시 신곡1동 ,43521,2732,3940,6114,5107,6669,8532,5983,2937,1339,163,5,21395,1454,2019,3158,2645,3265,4099,2935,1321,469,29,1,22126,1278,1921,2956,2462,3404,4433,3048,1616,870,134,4
2021,03,읍면동,경기도 의정부시 신곡2동 ,48080,3436,5115,6940,5450,7662,8922,6099,2868,1373,211,4,23342,1804,2667,3521,2747,3697,4186,2944,1245,485,46,0,24738,1632,2448,3419,2703,3965,4736,3155,1623,888,165,4
2021,03,읍면동,경기도 의정부시 의정부1동 ,32219,1121,1623,6597,4852,4409,5503,4562,2287,1050,153,62,16432,593,822,3085,2679,2469,2989,2338,1009,400,36,12,15787,528,801,3512,2173,1940,2514,2224,1278,650,117,50
2021,03,읍면동,경기도 의정부시 의정부2동 ,31306,1778,2109,5360,4595,4778,5496,4053,2115,902,115,5,15511,935,1140,2598,2399,2477,2729,1925,922,351,32,3,15795,843,969,2762,2196,2301,2767,2128,1193,551,83,2
2021,03,읍면동,경기도 의정부시 자금동,26978,1917,2448,3770,3176,4147,5060,3532,1868,939,116,5,13188,949,1282,1964,1590,2048,2444,1740,812,326,32,1,13790,968,1166,1806,1586,2099,2616,1792,1056,613,84,4
2021,03,읍면동,경기도 의정부시 장암동,20545,1480,2057,2415,2249,3436,3416,2856,1713,796,118,9,9805,739,1060,1204,1118,1697,1615,1363,720,270,18,1,10740,741,997,1211,1131,1739,1801,1493,993,526,100,8
2021,03,읍면동,경기도 의정부시 호원1동 ,36204,2275,2795,4744,4520,5749,5899,5281,3465,1330,144,2,17651,1183,1425,2290,2305,2998,2841,2410,1581,573,44,1,18553,1092,1370,2454,2215,2751,3058,2871,1884,757,100,1
2021,03,읍면동,경기도 의정부시 호원2동 ,35004,2391,3395,4542,3976,5549,5986,4620,2991,1393,156,5,16970,1226,1712,2328,2002,2676,2934,2157,1300,578,56,1,18034,1165,1683,2214,1974,2873,3052,2463,1691,815,100,4
2021,03,읍면동,경기도 의정부시 흥선동,18673,1085,1552,2494,2200,2686,3524,2844,1472,718,88,10,9488,563,817,1361,1181,1433,1798,1415,639,264,15,2,9185,522,735,1133,1019,1253,1726,1429,833,454,73,8
2021,03,시군,경기도 이천시 ,218565,18515,21956,30300,30378,34666,35186,26686,13059,6836,950,33,113087,9583,11387,17147,16320,17930,18329,13641,6009,2511,222,8,105478,8932,10569,13153,14058,16736,16857,13045,7050,4325,728,25
2021,03,읍면동,경기도 이천시 관고동 ,10264,574,784,1484,1369,1457,1949,1601,699,308,38,1,5246,308,365,770,794,756,991,839,304,109,10,0,5018,266,419,714,575,701,958,762,395,199,28,1
2021,03,읍면동,경기도 이천시 대월면 ,14475,1189,1186,2614,2492,2100,1962,1581,870,411,69,1,7372,622,589,1291,1326,1148,1038,800,394,146,18,0,7103,567,597,1323,1166,952,924,781,476,265,51,1
2021,03,읍면동,경기도 이천시 마장면 ,14585,1530,1108,2204,2639,2051,2045,1641,862,430,72,3,7941,806,559,1346,1504,1174,1106,859,409,158,18,2,6644,724,549,858,1135,877,939,782,453,272,54,1
2021,03,읍면동,경기도 이천시 모가면 ,4451,139,275,372,362,504,841,979,571,361,45,2,2392,80,164,232,229,290,460,515,274,137,11,0,2059,59,111,140,133,214,381,464,297,224,34,2
2021,03,읍면동,경기도 이천시 백사면 ,11276,787,855,1323,1257,1612,2171,1758,895,524,90,4,5753,406,448,742,640,849,1105,916,409,212,25,1,5523,381,407,581,617,763,1066,842,486,312,65,3
2021,03,읍면동,경기도 이천시 부발읍 ,36127,3226,4474,5144,5049,6684,5554,3475,1625,803,91,2,18962,1642,2313,3027,2685,3423,2990,1813,757,293,19,0,17165,1584,2161,2117,2364,3261,2564,1662,868,510,72,2
2021,03,읍면동,경기도 이천시 설성면 ,4713,165,223,395,368,494,872,1048,661,419,61,7,2488,78,117,236,227,303,486,551,319,159,10,2,2225,87,106,159,141,191,386,497,342,260,51,5
2021,03,읍면동,경기도 이천시 신둔면 ,13798,1084,989,1620,1840,2005,2570,2131,1008,467,81,3,7205,557,522,869,1003,1087,1357,1129,477,186,17,1,6593,527,467,751,837,918,1213,1002,531,281,64,2
2021,03,읍면동,경기도 이천시 율면,2640,58,118,176,148,238,430,682,397,345,46,2,1360,35,61,104,92,157,226,357,186,131,10,1,1280,23,57,72,56,81,204,325,211,214,36,1
2021,03,읍면동,경기도 이천시 장호원읍,14633,962,1362,1531,1488,1994,2487,2466,1420,822,99,2,7440,486,727,917,787,1026,1300,1220,658,295,24,0,7193,476,635,614,701,968,1187,1246,762,527,75,2
2021,03,읍면동,경기도 이천시 중리동 ,14873,916,923,3056,2441,1873,2293,1939,944,424,61,3,8439,474,478,2113,1544,1026,1189,979,451,168,16,1,6434,442,445,943,897,847,1104,960,493,256,45,2
2021,03,읍면동,경기도 이천시 증포동 ,53819,6607,7802,6902,8081,10382,8006,3819,1416,709,95,0,26905,3426,4086,3644,3868,5012,4084,1947,592,229,17,0,26914,3181,3716,3258,4213,5370,3922,1872,824,480,78,0
2021,03,읍면동,경기도 이천시 창전동 ,17172,966,1530,2847,2191,2555,2918,2482,1117,507,57,2,8552,505,785,1515,1233,1259,1392,1151,520,174,18,0,8620,461,745,1332,958,1296,1526,1331,597,333,39,2
2021,03,읍면동,경기도 이천시 호법면 ,5739,312,327,632,653,717,1088,1084,574,306,45,1,3032,158,173,341,388,420,605,565,259,114,9,0,2707,154,154,291,265,297,483,519,315,192,36,1
2021,03,시군,경기도 파주시 ,468501,43855,49305,57294,66892,81012,73925,50843,28721,14504,2066,84,237528,22408,25330,30404,35347,41485,38709,25338,12656,5303,527,21,230973,21447,23975,26890,31545,39527,35216,25505,16065,9201,1539,63
2021,03,읍면동,경기도 파주시 광탄면 ,11334,466,636,1222,1014,1323,2292,2273,1247,710,148,3,6184,240,356,759,606,782,1284,1265,622,237,32,1,5150,226,280,463,408,541,1008,1008,625,473,116,2
2021,03,읍면동,경기도 파주시 교하동 ,42187,3864,5514,4790,5188,8292,6984,4103,2161,1108,171,12,21409,1959,2890,2605,2633,4106,3750,2087,941,403,34,1,20778,1905,2624,2185,2555,4186,3234,2016,1220,705,137,11
2021,03,읍면동,경기도 파주시 금촌1동,22217,1116,1488,3445,2787,3266,4211,3151,1797,835,118,3,11807,575,786,1943,1639,1784,2376,1598,786,289,31,0,10410,541,702,1502,1148,1482,1835,1553,1011,546,87,3
2021,03,읍면동,경기도 파주시 금촌2동,33029,3221,4248,4224,4388,5994,5277,2935,1759,869,110,4,16154,1652,2194,2129,2227,2860,2695,1341,724,309,21,2,16875,1569,2054,2095,2161,3134,2582,1594,1035,560,89,2
2021,03,읍면동,경기도 파주시 금촌3동,27427,2256,2759,3836,3589,4309,4743,3223,1712,884,114,2,14062,1122,1450,2106,1925,2229,2452,1620,780,345,32,1,13365,1134,1309,1730,1664,2080,2291,1603,932,539,82,1
2021,03,읍면동,경기도 파주시 문산읍 ,48286,4796,4757,5764,7538,7525,6971,5387,3482,1820,236,10,24709,2423,2450,3172,4179,4003,3639,2613,1497,648,81,4,23577,2373,2307,2592,3359,3522,3332,2774,1985,1172,155,6
2021,03,읍면동,경기도 파주시 법원읍 ,10545,334,702,1304,875,1172,2116,2033,1259,654,96,0,5635,187,376,812,502,673,1158,1082,598,215,32,0,4910,147,326,492,373,499,958,951,661,439,64,0
2021,03,읍면동,경기도 파주시 운정1동,48561,5239,6096,5878,7157,9310,7282,4338,2134,979,142,6,23740,2665,3024,2831,3558,4585,3626,2105,950,364,32,0,24821,2574,3072,3047,3599,4725,3656,2233,1184,615,110,6
2021,03,읍면동,경기도 파주시 운정2동,62975,8869,7576,6644,11644,12505,7657,4362,2444,1112,157,5,30751,4538,3820,3160,5765,6242,3799,1986,982,416,41,2,32224,4331,3756,3484,5879,6263,3858,2376,1462,696,116,3
2021,03,읍면동,경기도 파주시 운정3동,84430,9862,9971,10089,13665,16862,11926,6716,3519,1634,179,7,41390,5085,5108,4973,6677,8329,5917,3171,1459,622,48,1,43040,4777,4863,5116,6988,8533,6009,3545,2060,1012,131,6
2021,03,읍면동,경기도 파주시 월롱면 ,9009,186,274,1961,2157,975,1323,1162,574,345,52,0,5763,89,153,1195,1755,696,818,648,283,115,11,0,3246,97,121,766,402,279,505,514,291,230,41,0
2021,03,읍면동,경기도 파주시 장단출장소,551,19,32,55,47,71,104,93,86,41,3,0,279,8,13,29,21,50,52,52,35,17,2,0,272,11,19,26,26,21,52,41,51,24,1,0
2021,03,읍면동,경기도 파주시 적성면 ,7511,559,519,950,865,807,1194,1259,895,387,74,2,4050,285,296,604,490,464,649,674,414,155,19,0,3461,274,223,346,375,343,545,585,481,232,55,2
2021,03,읍면동,경기도 파주시 조리읍 ,29980,1730,2733,3718,2934,4467,5930,4591,2465,1239,162,11,15244,863,1373,2013,1609,2306,3110,2329,1121,476,41,3,14736,867,1360,1705,1325,2161,2820,2262,1344,763,121,8
2021,03,읍면동,경기도 파주시 진동면 ,166,6,14,4,11,17,30,30,33,19,2,0,92,3,5,4,6,7,20,16,18,11,2,0,74,3,9,0,5,10,10,14,15,8,0,0
2021,03,읍면동,경기도 파주시 탄현면 ,13273,635,989,1487,1452,2101,2576,2076,1166,673,110,8,7197,337,512,879,852,1187,1469,1126,553,258,23,1,6076,298,477,608,600,914,1107,950,613,415,87,7
2021,03,읍면동,경기도 파주시 파주읍 ,13148,604,809,1497,1339,1669,2541,2313,1397,847,124,8,7026,325,425,907,763,980,1462,1215,620,296,31,2,6122,279,384,590,576,689,1079,1098,777,551,93,6
2021,03,읍면동,경기도 파주시 파평면 ,3872,93,188,426,242,347,768,798,591,348,68,3,2036,52,99,283,140,202,433,410,273,127,14,3,1836,41,89,143,102,145,335,388,318,221,54,0
2021,03,시군,경기도 평택시 ,544368,49471,53668,74995,82252,94681,87790,56705,28458,14300,1951,97,282242,25170,27691,41253,44836,50568,46245,28439,12484,5062,466,28,262126,24301,25977,33742,37416,44113,41545,28266,15974,9238,1485,69
2021,03,읍면동,경기도 평택시 고덕면 ,24709,2823,1964,3800,4804,3960,3572,2145,1019,534,87,1,13105,1404,981,2252,2627,2205,1855,1088,490,190,12,1,11604,1419,983,1548,2177,1755,1717,1057,529,344,75,0
2021,03,읍면동,경기도 평택시 비전1동,87450,11251,9492,11650,16914,16660,11817,5999,2424,1094,145,4,44391,5738,4921,6017,8729,8537,6012,2949,1077,375,35,1,43059,5513,4571,5633,8185,8123,5805,3050,1347,719,110,3
2021,03,읍면동,경기도 평택시 비전2동,54075,5746,6216,7362,8070,9497,8706,5027,2205,1114,124,8,26802,2928,3259,3808,4031,4608,4274,2487,930,442,34,1,27273,2818,2957,3554,4039,4889,4432,2540,1275,672,90,7
2021,03,읍면동,경기도 평택시 서정동 ,25299,1284,2300,3659,3043,4082,4823,3304,1812,877,112,3,12788,637,1183,1997,1718,2165,2427,1563,751,307,38,2,12511,647,1117,1662,1325,1917,2396,1741,1061,570,74,1
2021,03,읍면동,경기도 평택시 서탄면 ,3637,112,203,342,333,465,674,746,470,264,28,0,1999,54,121,221,193,301,384,412,217,90,6,0,1638,58,82,121,140,164,290,334,253,174,22,0
2021,03,읍면동,경기도 평택시 세교동 ,29177,2592,2905,4402,4304,4651,5314,2938,1300,687,82,2,14711,1344,1479,2332,2303,2353,2632,1468,535,247,18,0,14466,1248,1426,2070,2001,2298,2682,1470,765,440,64,2
2021,03,읍면동,경기도 평택시 송북동 ,22003,1603,2196,2918,2612,3704,4043,2770,1377,665,103,12,11028,813,1111,1594,1323,1927,2043,1379,569,233,30,6,10975,790,1085,1324,1289,1777,2000,1391,808,432,73,6
2021,03,읍면동,경기도 평택시 송탄동 ,20103,2373,1836,2644,3420,3676,3220,1788,731,356,58,1,10496,1205,914,1445,1795,2025,1671,963,330,136,12,0,9607,1168,922,1199,1625,1651,1549,825,401,220,46,1
2021,03,읍면동,경기도 평택시 신장1동,7341,575,495,1045,1244,1208,1123,844,508,248,44,7,3701,295,255,575,681,665,582,375,172,86,12,3,3640,280,240,470,563,543,541,469,336,162,32,4
2021,03,읍면동,경기도 평택시 신장2동,5741,165,285,714,636,775,1002,1017,697,364,63,23,2918,89,160,395,390,470,531,469,265,124,15,10,2823,76,125,319,246,305,471,548,432,240,48,13
2021,03,읍면동,경기도 평택시 신평동 ,22683,1024,1722,3951,2915,3416,4218,3035,1577,742,81,2,11701,538,909,2134,1684,1800,2168,1485,683,279,21,0,10982,486,813,1817,1231,1616,2050,1550,894,463,60,2
2021,03,읍면동,경기도 평택시 안중읍 ,43530,3895,5761,5828,5580,8506,6983,3894,1932,1009,139,3,22416,1929,2904,3136,3059,4348,3835,1995,829,352,29,0,21114,1966,2857,2692,2521,4158,3148,1899,1103,657,110,3
2021,03,읍면동,경기도 평택시 오성면 ,6684,311,479,697,613,887,1283,1192,700,453,67,2,3586,175,244,406,377,541,736,615,316,153,22,1,3098,136,235,291,236,346,547,577,384,300,45,1
2021,03,읍면동,경기도 평택시 용이동 ,25472,3394,3161,3462,4715,5171,3224,1519,544,248,34,0,13333,1800,1632,1842,2487,2743,1721,776,248,78,6,0,12139,1594,1529,1620,2228,2428,1503,743,296,170,28,0
2021,03,읍면동,경기도 평택시 원평동 ,10583,518,648,1647,1479,1549,1882,1532,862,417,48,1,5522,248,336,933,875,826,1006,758,376,154,10,0,5061,270,312,714,604,723,876,774,486,263,38,1
2021,03,읍면동,경기도 평택시 중앙동 ,44019,2869,4853,7241,5349,7560,8168,4582,2208,1052,133,4,22661,1449,2500,4084,3026,3856,4175,2252,953,335,31,0,21358,1420,2353,3157,2323,3704,3993,2330,1255,717,102,4
2021,03,읍면동,경기도 평택시 지산동 ,12720,697,894,2534,2258,2109,1967,1222,697,304,36,2,6931,331,436,1454,1378,1213,1073,629,291,119,7,0,5789,366,458,1080,880,896,894,593,406,185,29,2
2021,03,읍면동,경기도 평택시 진위면 ,11263,490,812,1469,1357,1655,2091,1816,1020,490,62,1,6196,241,437,901,861,983,1153,949,487,171,13,0,5067,249,375,568,496,672,938,867,533,319,49,1
2021,03,읍면동,경기도 평택시 청북읍 ,27057,4025,3245,2391,4878,5506,3010,2227,1091,568,113,3,14308,2077,1675,1334,2526,3126,1703,1118,539,186,24,0,12749,1948,1570,1057,2352,2380,1307,1109,552,382,89,3
2021,03,읍면동,경기도 평택시 통복동 ,4095,127,209,618,430,507,799,744,445,190,25,1,2143,62,122,357,265,276,431,353,200,70,7,0,1952,65,87,261,165,231,368,391,245,120,18,1
2021,03,읍면동,경기도 평택시 팽성읍 ,27418,1588,1779,3057,3056,3946,5006,4524,2735,1535,182,10,14274,811,934,1748,1713,2212,2788,2268,1195,562,40,3,13144,777,845,1309,1343,1734,2218,2256,1540,973,142,7
2021,03,읍면동,경기도 평택시 포승읍 ,24071,1861,1922,3132,3901,4587,3900,2701,1321,631,111,4,14460,918,1030,2028,2598,3006,2482,1501,650,218,29,0,9611,943,892,1104,1303,1581,1418,1200,671,413,82,4
2021,03,읍면동,경기도 평택시 현덕면 ,5238,148,291,432,341,604,965,1139,783,458,74,3,2772,84,148,260,197,382,563,587,381,155,15,0,2466,64,143,172,144,222,402,552,402,303,59,3
2021,03,시군,경기도 포천시 ,147014,8343,11999,17919,14523,20104,28995,25191,12356,6599,950,35,77942,4297,6288,10399,8119,10818,15981,13637,5750,2415,224,14,69072,4046,5711,7520,6404,9286,13014,11554,6606,4184,726,21
2021,03,읍면동,경기도 포천시 가산면 ,7639,210,400,775,618,853,1873,1677,724,436,71,2,4498,104,210,461,395,561,1181,1014,379,180,12,1,3141,106,190,314,223,292,692,663,345,256,59,1
2021,03,읍면동,경기도 포천시 관인면 ,2773,55,145,231,125,250,523,681,478,258,25,2,1450,23,71,147,87,151,278,359,227,100,5,2,1323,32,74,84,38,99,245,322,251,158,20,0
2021,03,읍면동,경기도 포천시 군내면 ,8634,596,558,953,1091,1126,1613,1529,717,388,63,0,4636,297,285,559,606,633,885,865,355,139,12,0,3998,299,273,394,485,493,728,664,362,249,51,0
2021,03,읍면동,경기도 포천시 내촌면 ,4586,108,188,439,343,519,1124,1059,495,280,30,1,2636,63,103,269,212,332,665,632,238,117,4,1,1950,45,85,170,131,187,459,427,257,163,26,0
2021,03,읍면동,경기도 포천시 선단동 ,14407,692,1149,1958,1385,2207,3246,2298,922,490,56,4,7785,375,603,1120,763,1221,1830,1258,437,161,16,1,6622,317,546,838,622,986,1416,1040,485,329,40,3
2021,03,읍면동,경기도 포천시 소흘읍 ,44375,2847,4882,5877,4373,7188,9046,6092,2568,1298,199,5,22650,1445,2538,3181,2248,3567,4792,3197,1183,458,39,2,21725,1402,2344,2696,2125,3621,4254,2895,1385,840,160,3
2021,03,읍면동,경기도 포천시 신북면 ,12398,611,940,1463,1166,1629,2469,2387,1075,558,94,6,6835,333,519,881,679,895,1445,1336,507,213,26,1,5563,278,421,582,487,734,1024,1051,568,345,68,5
2021,03,읍면동,경기도 포천시 영북면 ,8234,615,438,984,965,847,1250,1498,975,567,93,2,4452,326,226,680,583,491,699,785,417,221,22,2,3782,289,212,304,382,356,551,713,558,346,71,0
2021,03,읍면동,경기도 포천시 영중면 ,4817,182,238,419,292,505,983,1125,660,364,47,2,2618,98,120,252,172,323,577,629,295,134,17,1,2199,84,118,167,120,182,406,496,365,230,30,1
2021,03,읍면동,경기도 포천시 이동면 ,6255,519,354,866,892,620,887,1059,669,354,35,0,3410,262,168,593,536,362,486,552,318,124,9,0,2845,257,186,273,356,258,401,507,351,230,26,0
2021,03,읍면동,경기도 포천시 일동면 ,9360,468,678,958,864,1170,1564,1858,1083,603,108,6,4867,241,362,598,511,652,828,943,497,206,27,2,4493,227,316,360,353,518,736,915,586,397,81,4
2021,03,읍면동,경기도 포천시 창수면 ,2148,43,77,185,121,193,378,577,354,201,19,0,1210,28,48,128,80,112,229,323,167,88,7,0,938,15,29,57,41,81,149,254,187,113,12,0
2021,03,읍면동,경기도 포천시 포천동 ,18632,1203,1806,2504,1941,2729,3592,2798,1344,628,83,4,9441,610,966,1358,1048,1361,1846,1431,582,218,20,1,9191,593,840,1146,893,1368,1746,1367,762,410,63,3
2021,03,읍면동,경기도 포천시 화현면 ,2756,194,146,307,347,268,447,553,292,174,27,1,1454,92,69,172,199,157,240,313,148,56,8,0,1302,102,77,135,148,111,207,240,144,118,19,1
2021,03,읍면동,경기도 풍양출장소 ,0,0,0,0,0,0,0,0,0,0,0,0,0,0,0,0,0,0,0,0,0,0,0,0,0,0,0,0,0,0,0,0,0,0,0,0
2021,03,시군,경기도 하남시 ,300187,30539,26000,37340,50838,53013,42875,36155,16478,5856,1031,62,150678,15658,13198,18933,25749,27779,21371,17463,8219,2062,231,15,149509,14881,12802,18407,25089,25234,21504,18692,8259,3794,800,47
2021,03,읍면동,경기도 하남시 감북동 ,2770,82,146,343,367,380,577,508,244,105,17,1,1539,45,75,206,229,223,315,280,121,38,7,0,1231,37,71,137,138,157,262,228,123,67,10,1
2021,03,읍면동,경기도 하남시 감일동 ,20584,2909,1878,2453,4086,3583,2640,1874,787,306,61,7,10356,1526,952,1225,1990,1866,1326,952,410,91,17,1,10228,1383,926,1228,2096,1717,1314,922,377,215,44,6
2021,03,읍면동,경기도 하남시 덕풍1동,16047,979,1079,2143,2307,2207,2835,2739,1252,441,60,5,8115,498,575,1179,1240,1150,1347,1313,619,178,13,3,7932,481,504,964,1067,1057,1488,1426,633,263,47,2
2021,03,읍면동,경기도 하남시 덕풍2동,19348,1108,1154,2553,2945,2553,3440,3414,1508,575,92,6,9754,568,595,1406,1611,1329,1690,1644,717,182,10,2,9594,540,559,1147,1334,1224,1750,1770,791,393,82,4
2021,03,읍면동,경기도 하남시 덕풍3동,25641,2129,2515,3100,3365,4436,4142,3466,1738,644,103,3,12764,1138,1275,1659,1724,2210,2036,1627,828,243,24,0,12877,991,1240,1441,1641,2226,2106,1839,910,401,79,3
2021,03,읍면동,경기도 하남시 미사1동,50449,4926,3956,9055,11780,9298,5317,3756,1726,522,110,3,25348,2560,1936,4124,6251,4962,2714,1711,893,173,24,0,25101,2366,2020,4931,5529,4336,2603,2045,833,349,86,3
2021,03,읍면동,경기도 하남시 미사2동,47986,6667,5232,4037,7637,10536,5830,4848,2347,716,131,5,23636,3400,2650,2040,3490,5519,2875,2248,1178,207,29,0,24350,3267,2582,1997,4147,5017,2955,2600,1169,509,102,5
2021,03,읍면동,경기도 하남시 신장1동,6659,306,404,996,1017,922,1233,1028,522,199,30,2,3430,152,213,533,593,513,632,492,228,69,5,0,3229,154,191,463,424,409,601,536,294,130,25,2
2021,03,읍면동,경기도 하남시 신장2동,45136,3730,3825,5175,6576,7164,7052,6815,3429,1177,184,9,22344,1912,1990,2663,3361,3636,3367,3220,1693,453,46,3,22792,1818,1835,2512,3215,3528,3685,3595,1736,724,138,6
2021,03,읍면동,경기도 하남시 위례동 ,20303,2626,2063,2248,3420,4002,2982,2088,650,186,37,1,9937,1303,1010,1122,1549,2039,1418,1063,361,61,11,0,10366,1323,1053,1126,1871,1963,1564,1025,289,125,26,1
2021,03,읍면동,경기도 하남시 천현동 ,7631,342,415,957,1005,1018,1444,1530,605,254,53,8,4218,167,226,557,601,620,821,816,301,93,13,3,3413,175,189,400,404,398,623,714,304,161,40,5
2021,03,읍면동,경기도 하남시 초이동 ,3641,160,171,478,482,445,728,732,291,140,13,1,2073,82,88,271,301,283,425,413,153,53,4,0,1568,78,83,207,181,162,303,319,138,87,9,1
2021,03,읍면동,경기도 하남시 춘궁동 ,4007,125,204,490,433,533,795,781,403,206,34,3,2258,66,114,274,267,321,496,431,194,89,5,1,1749,59,90,216,166,212,299,350,209,117,29,2
2021,03,읍면동,경기도 하남시 풍산동 ,29985,4450,2958,3312,5418,5936,3860,2576,976,385,106,8,14906,2241,1499,1674,2542,3108,1909,1253,523,132,23,2,15079,2209,1459,1638,2876,2828,1951,1323,453,253,83,6
2021,03,시군,경기도 화성시 ,860865,103000,97518,106084,149877,165873,116791,72461,32284,14771,2123,83,447092,52598,49813,57574,78057,88391,62862,36944,15104,5300,431,18,413773,50402,47705,48510,71820,77482,53929,35517,17180,9471,1692,65
2021,03,읍면동,경기도 화성시 기배동 ,13626,1269,1803,1706,1517,2661,2275,1406,700,255,33,1,6970,650,931,923,787,1365,1198,685,331,95,5,0,6656,619,872,783,730,1296,1077,721,369,160,28,1
2021,03,읍면동,경기도 화성시 남양읍 ,42026,4082,3566,5719,7171,6880,6575,4788,2110,958,172,5,22932,2113,1833,3375,4176,3923,3573,2516,1041,350,32,0,19094,1969,1733,2344,2995,2957,3002,2272,1069,608,140,5
2021,03,읍면동,경기도 화성시 동탄1동,51406,6257,6896,8106,9621,10260,6481,2425,943,369,47,1,26495,3156,3547,4384,4868,5133,3564,1241,452,139,11,0,24911,3101,3349,3722,4753,5127,2917,1184,491,230,36,1
2021,03,읍면동,경기도 화성시 동탄2동,35650,4200,6569,3742,4107,8768,4762,2055,1030,378,36,3,17568,2154,3292,1905,1853,4257,2543,974,433,152,4,1,18082,2046,3277,1837,2254,4511,2219,1081,597,226,32,2
2021,03,읍면동,경기도 화성시 동탄3동,42182,5716,5336,6369,8220,8499,4257,2121,1184,421,58,1,21766,2958,2774,3513,4283,4369,2242,935,508,166,18,0,20416,2758,2562,2856,3937,4130,2015,1186,676,255,40,1
2021,03,읍면동,경기도 화성시 동탄4동,53078,9006,8964,4218,8951,13288,5535,2043,757,269,47,0,26419,4593,4520,2109,3860,6826,3050,1028,346,82,5,0,26659,4413,4444,2109,5091,6462,2485,1015,411,187,42,0
2021,03,읍면동,경기도 화성시 동탄5동,43156,6312,4282,5264,10570,8321,4276,2606,1062,401,60,2,21733,3251,2199,2567,5367,4352,2171,1196,491,128,11,0,21423,3061,2083,2697,5203,3969,2105,1410,571,273,49,2
2021,03,읍면동,경기도 화성시 동탄6동,32264,4711,3106,4606,7614,6209,3444,1717,580,235,42,0,16689,2386,1612,2323,3991,3351,1813,861,264,80,8,0,15575,2325,1494,2283,3623,2858,1631,856,316,155,34,0
2021,03,읍면동,경기도 화성시 동탄7동,84662,14590,9312,8668,19140,17333,8911,4667,1458,502,78,3,42454,7433,4743,4341,9344,9068,4367,2265,738,139,14,2,42208,7157,4569,4327,9796,8265,4544,2402,720,363,64,1
2021,03,읍면동,경기도 화성시 동탄8동,28327,5137,2496,2881,7592,5253,2624,1645,477,190,32,0,14313,2611,1242,1424,3823,2840,1270,797,239,63,4,0,14014,2526,1254,1457,3769,2413,1354,848,238,127,28,0
2021,03,읍면동,경기도 화성시 마도면 ,6952,255,395,760,766,1004,1419,1240,715,345,49,4,4153,143,215,500,516,692,871,705,374,127,10,0,2799,112,180,260,250,312,548,535,341,218,39,4
2021,03,읍면동,경기도 화성시 매송면 ,7085,270,473,802,634,921,1493,1334,731,379,48,0,3759,138,257,453,369,525,837,705,324,140,11,0,3326,132,216,349,265,396,656,629,407,239,37,0
2021,03,읍면동,경기도 화성시 반월동 ,32392,4268,4002,4095,5716,6082,4543,2557,756,323,48,2,16368,2165,2072,2150,2836,3143,2209,1312,376,96,8,1,16024,2103,1930,1945,2880,2939,2334,1245,380,227,40,1
2021,03,읍면동,경기도 화성시 병점1동,28987,2607,3155,5165,4599,5140,4115,2476,1200,464,65,1,14913,1367,1607,2911,2445,2611,2063,1206,513,180,10,0,14074,1240,1548,2254,2154,2529,2052,1270,687,284,55,1
2021,03,읍면동,경기도 화성시 병점2동,24402,2422,3976,2974,2985,5404,3343,1786,1022,437,52,1,11897,1232,1987,1531,1447,2595,1744,797,407,149,8,0,12505,1190,1989,1443,1538,2809,1599,989,615,288,44,1
2021,03,읍면동,경기도 화성시 봉담읍 ,81903,8208,9840,10298,11346,15847,12600,8225,3749,1543,233,14,41610,4078,4901,5510,5775,8214,6674,4120,1744,545,47,2,40293,4130,4939,4788,5571,7633,5926,4105,2005,998,186,12
2021,03,읍면동,경기도 화성시 비봉면 ,5830,218,330,593,498,697,1197,1181,643,390,80,3,3299,122,180,351,309,442,707,699,317,154,16,2,2531,96,150,242,189,255,490,482,326,236,64,1
2021,03,읍면동,경기도 화성시 새솔동 ,21790,4020,2148,2350,4767,4206,2688,1204,261,128,17,1,10945,1981,1069,1216,2347,2203,1314,642,129,41,3,0,10845,2039,1079,1134,2420,2003,1374,562,132,87,14,1
2021,03,읍면동,경기도 화성시 서신면 ,7108,169,294,538,522,804,1599,1721,844,530,85,2,3921,83,159,343,312,498,927,948,419,213,19,0,3187,86,135,195,210,306,672,773,425,317,66,2
2021,03,읍면동,경기도 화성시 송산면 ,10901,450,785,986,886,1411,2126,2144,1242,726,138,7,5883,229,429,574,536,823,1232,1151,589,286,34,0,5018,221,356,412,350,588,894,993,653,440,104,7
2021,03,읍면동,경기도 화성시 양감면 ,3972,95,160,399,369,469,895,880,410,265,29,1,2433,54,89,271,251,334,592,531,214,90,7,0,1539,41,71,128,118,135,303,349,196,175,22,1
2021,03,읍면동,경기도 화성시 우정읍 ,17378,897,1437,1768,1590,2725,3536,2847,1613,849,113,3,9465,473,737,1076,954,1621,2029,1480,763,303,29,0,7913,424,700,692,636,1104,1507,1367,850,546,84,3
2021,03,읍면동,경기도 화성시 장안면 ,10268,374,604,1039,881,1300,2155,2093,1084,675,62,1,5915,210,338,638,566,848,1357,1162,512,266,17,1,4353,164,266,401,315,452,798,931,572,409,45,0
2021,03,읍면동,경기도 화성시 정남면 ,11432,402,747,1360,1178,1605,2417,2048,1014,567,86,8,6617,207,402,846,784,1023,1481,1157,496,203,16,2,4815,195,345,514,394,582,936,891,518,364,70,6
2021,03,읍면동,경기도 화성시 진안동 ,43916,4365,3932,7126,8847,7850,5964,3563,1539,645,83,2,23705,2231,2008,4146,5023,4421,3154,1782,682,239,18,1,20211,2134,1924,2980,3824,3429,2810,1781,857,406,65,1
2021,03,읍면동,경기도 화성시 팔탄면 ,9943,317,472,976,1020,1455,2297,1962,850,508,82,4,6017,169,249,655,693,975,1510,1132,429,185,20,0,3926,148,223,321,327,480,787,830,421,323,62,4
2021,03,읍면동,경기도 화성시 향남읍 ,86960,10612,10186,10450,15829,17518,11100,6680,2961,1442,176,6,46552,5492,5216,5748,8921,9753,6183,3370,1333,498,34,4,40408,5120,4970,4702,6908,7765,4917,3310,1628,944,142,2
2021,03,읍면동,경기도 화성시 화산동 ,23269,1771,2252,3126,2941,3963,4164,3047,1349,577,72,7,12301,919,1205,1791,1621,2186,2187,1547,640,191,12,2,10968,852,1047,1335,1320,1777,1977,1500,709,386,60,5
2021,03,읍면동,경기도 화성시동부출장소 ,0,0,0,0,0,0,0,0,0,0,0,0,0,0,0,0,0,0,0,0,0,0,0,0,0,0,0,0,0,0,0,0,0,0,0,0
2021,03,읍면동,경기도 화성시동탄출장소 ,0,0,0,0,0,0,0,0,0,0,0,0,0,0,0,0,0,0,0,0,0,0,0,0,0,0,0,0,0,0,0,0,0,0,0,0
2021,02,도,경기도,13471758,1137876,1326417,1809124,1904371,2304741,2244792,1562484,770026,354104,53410,4413,6777066,582577,681663,952514,981717,1171899,1137406,776618,349722,128993,12768,1189,6694692,555299,644754,856610,922654,1132842,1107386,785866,420304,225111,40642,3224
2021,02,읍면동,경기도 가평군 ,62339,3298,4541,6234,5674,7893,11305,12255,6841,3711,535,52,32128,1647,2402,3593,3083,4241,5970,6342,3250,1434,145,21,30211,1651,2139,2641,2591,3652,5335,5913,3591,2277,390,31
2021,02,읍면동,경기도 가평군 가평읍 ,19500,1142,1665,2219,1887,2664,3431,3313,1912,1099,152,16,9916,582,899,1217,996,1424,1813,1666,862,410,43,4,9584,560,766,1002,891,1240,1618,1647,1050,689,109,12
2021,02,읍면동,경기도 가평군 북면,3897,151,202,241,272,388,714,977,564,334,49,5,2000,64,109,136,150,225,393,506,275,127,13,2,1897,87,93,105,122,163,321,471,289,207,36,3
2021,02,읍면동,경기도 가평군 상면,5574,150,250,534,380,560,1114,1412,736,383,50,5,2941,74,148,355,214,320,565,734,376,140,12,3,2633,76,102,179,166,240,549,678,360,243,38,2
2021,02,읍면동,경기도 가평군 설악면 ,9629,542,778,896,817,1130,1730,2044,991,584,112,5,4937,263,384,496,456,585,919,1066,504,233,28,3,4692,279,394,400,361,545,811,978,487,351,84,2
2021,02,읍면동,경기도 가평군 조종면 ,9715,691,655,1022,1149,1221,1636,1797,980,495,59,10,5168,349,342,639,635,660,855,997,467,201,19,4,4547,342,313,383,514,561,781,800,513,294,40,6
2021,02,읍면동,경기도 가평군 청평면 ,14024,622,991,1322,1169,1930,2680,2712,1658,816,113,11,7166,315,520,750,632,1027,1425,1373,766,323,30,5,6858,307,471,572,537,903,1255,1339,892,493,83,6
2021,02,시군,경기도 고양시 ,1082420,81729,104562,150484,143359,182012,195429,123886,62126,33553,4938,342,529886,41700,53581,77057,71083,88081,96223,62080,26587,12139,1260,95,552534,40029,50981,73427,72276,93931,99206,61806,35539,21414,3678,247
2021,02,구,경기도 고양시 덕양구 ,479395,38506,41399,62774,68373,78942,83182,58058,30548,15270,2126,217,236862,19646,21183,32453,34439,39573,41439,28758,13182,5588,543,58,242533,18860,20216,30321,33934,39369,41743,29300,17366,9682,1583,159
2021,02,읍면동,경기도 고양시 덕양구 고양동,30308,2172,3112,3604,3265,5264,5100,4098,2456,1084,137,16,15208,1104,1640,1919,1678,2673,2689,1975,1062,419,43,6,15100,1068,1472,1685,1587,2591,2411,2123,1394,665,94,10
2021,02,읍면동,경기도 고양시 덕양구 관산동,36722,2117,2830,4355,4101,5740,6958,5850,3117,1405,206,43,18635,1088,1478,2399,2193,3028,3580,2869,1412,532,43,13,18087,1029,1352,1956,1908,2712,3378,2981,1705,873,163,30
2021,02,읍면동,경기도 고양시 덕양구 능곡동,15653,892,1209,2110,1820,2240,3161,2349,1180,584,96,12,8029,482,642,1170,969,1131,1602,1228,547,237,19,2,7624,410,567,940,851,1109,1559,1121,633,347,77,10
2021,02,읍면동,경기도 고양시 덕양구 대덕동,2482,83,128,376,269,303,466,458,257,120,16,6,1416,45,68,223,169,169,293,272,121,50,4,2,1066,38,60,153,100,134,173,186,136,70,12,4
2021,02,읍면동,경기도 고양시 덕양구 삼송동,23590,2379,1521,2773,4533,3943,3352,2767,1576,658,74,14,11382,1173,801,1299,2253,1998,1557,1325,713,242,16,5,12208,1206,720,1474,2280,1945,1795,1442,863,416,58,9
2021,02,읍면동,경기도 고양시 덕양구 성사1동 ,21845,1275,1821,3019,2530,3464,4219,3008,1571,813,115,10,10868,656,974,1580,1309,1761,2162,1452,645,307,21,1,10977,619,847,1439,1221,1703,2057,1556,926,506,94,9
2021,02,읍면동,경기도 고양시 덕양구 성사2동 ,11482,624,1058,1466,1276,1730,2115,1636,953,559,61,4,5556,311,545,801,653,814,1011,804,399,203,14,1,5926,313,513,665,623,916,1104,832,554,356,47,3
2021,02,읍면동,경기도 고양시 덕양구 원신동,23580,3051,1968,2251,3959,4265,3320,2812,1327,547,77,3,11339,1515,954,1151,1825,2188,1571,1305,610,199,20,1,12241,1536,1014,1100,2134,2077,1749,1507,717,348,57,2
2021,02,읍면동,경기도 고양시 덕양구 주교동,15038,566,1173,2119,1532,2137,3183,2374,1242,623,80,9,7759,312,637,1185,876,1111,1665,1207,532,213,17,4,7279,254,536,934,656,1026,1518,1167,710,410,63,5
2021,02,읍면동,경기도 고양시 덕양구 창릉동,21554,2595,1559,2375,4841,3765,2711,2147,1066,408,74,13,10764,1350,800,1147,2394,1953,1363,1072,504,156,24,1,10790,1245,759,1228,2447,1812,1348,1075,562,252,50,12
2021,02,읍면동,경기도 고양시 덕양구 행신1동 ,22051,1333,2048,3095,2716,3506,4278,2845,1380,747,96,7,10756,719,994,1589,1419,1675,2076,1450,535,273,24,2,11295,614,1054,1506,1297,1831,2202,1395,845,474,72,5
2021,02,읍면동,경기도 고양시 덕양구 행신2동 ,32292,2231,2792,4959,4864,4966,5950,3504,1841,1042,135,8,15851,1136,1433,2606,2493,2360,2891,1797,747,353,34,1,16441,1095,1359,2353,2371,2606,3059,1707,1094,689,101,7
2021,02,읍면동,경기도 고양시 덕양구 행신3동 ,45947,2682,4845,6929,5121,7397,9319,5275,2621,1518,236,4,22327,1374,2438,3615,2577,3517,4570,2609,1082,483,61,1,23620,1308,2407,3314,2544,3880,4749,2666,1539,1035,175,3
2021,02,읍면동,경기도 고양시 덕양구 행주동,19117,712,1222,2852,2298,2706,4030,3008,1426,746,111,6,9994,386,643,1562,1308,1472,2179,1553,609,263,18,1,9123,326,579,1290,990,1234,1851,1455,817,483,93,5
2021,02,읍면동,경기도 고양시 덕양구 화전동,27307,3860,1733,2999,6107,4703,3402,2643,1197,532,114,17,13566,1960,844,1499,2976,2517,1695,1267,578,193,32,5,13741,1900,889,1500,3131,2186,1707,1376,619,339,82,12
2021,02,읍면동,경기도 고양시 덕양구 화정1동 ,37993,1955,3659,6203,4278,5815,7558,4244,2545,1538,182,16,18482,1002,1906,3110,2206,2730,3693,2151,1003,612,65,4,19511,953,1753,3093,2072,3085,3865,2093,1542,926,117,12
2021,02,읍면동,경기도 고양시 덕양구 화정2동 ,33316,2587,3734,4632,4293,6161,5832,3156,1728,1054,134,5,16171,1332,1923,2355,2109,2861,2875,1613,669,395,38,1,17145,1255,1811,2277,2184,3300,2957,1543,1059,659,96,4
2021,02,읍면동,경기도 고양시 덕양구 효자동,13397,2022,966,1556,2902,2329,1684,1108,530,239,43,18,6527,1010,445,711,1398,1237,824,547,250,82,16,7,6870,1012,521,845,1504,1092,860,561,280,157,27,11
2021,02,읍면동,경기도 고양시 덕양구 흥도동,45721,5370,4021,5101,7668,8508,6544,4776,2535,1053,139,6,22232,2691,2018,2532,3634,4378,3143,2262,1164,376,34,0,23489,2679,2003,2569,4034,4130,3401,2514,1371,677,105,6
2021,02,구,경기도 고양시 일산동구,300850,20836,29528,44948,38672,51193,56114,33519,15657,8886,1432,65,146365,10644,15266,22645,18873,24262,27424,16956,6742,3176,355,22,154485,10192,14262,22303,19799,26931,28690,16563,8915,5710,1077,43
2021,02,읍면동,경기도 고양시 일산동구 고봉동 ,23170,1390,1522,2965,2947,3488,4605,3534,1654,872,188,5,12157,721,826,1692,1615,1888,2454,1837,789,308,25,2,11013,669,696,1273,1332,1600,2151,1697,865,564,163,3
2021,02,읍면동,경기도 고양시 일산동구 마두1동,24352,1408,3276,3790,2296,4176,4771,2621,1168,714,123,9,11722,718,1679,1890,1051,1872,2350,1377,502,247,33,3,12630,690,1597,1900,1245,2304,2421,1244,666,467,90,6
2021,02,읍면동,경기도 고양시 일산동구 마두2동,16612,1221,2229,2263,1584,2948,3131,1585,843,700,105,3,7869,627,1148,1134,691,1289,1540,808,344,249,38,1,8743,594,1081,1129,893,1659,1591,777,499,451,67,2
2021,02,읍면동,경기도 고양시 일산동구 백석1동,30788,2001,2729,4954,4515,5038,5725,3430,1487,798,106,5,14653,1018,1393,2427,2210,2323,2701,1659,598,297,25,2,16135,983,1336,2527,2305,2715,3024,1771,889,501,81,3
2021,02,읍면동,경기도 고양시 일산동구 백석2동,20993,891,1341,3462,3375,3746,3881,2353,1156,682,101,5,10112,433,708,1605,1646,1832,1975,1190,490,210,23,0,10881,458,633,1857,1729,1914,1906,1163,666,472,78,5
2021,02,읍면동,경기도 고양시 일산동구 식사동 ,36784,3671,4855,4945,4172,7288,6497,3160,1394,684,112,6,17925,1886,2505,2470,1876,3392,3277,1654,590,244,29,2,18859,1785,2350,2475,2296,3896,3220,1506,804,440,83,4
2021,02,읍면동,경기도 고양시 일산동구 장항1동,11145,1389,961,1207,1785,2026,1935,1184,453,166,36,3,5718,741,499,640,841,1040,998,647,238,68,5,1,5427,648,462,567,944,986,937,537,215,98,31,2
2021,02,읍면동,경기도 고양시 일산동구 장항2동,26952,1080,1588,5048,4846,4789,4824,2572,1253,843,104,5,13094,550,799,2329,2462,2312,2397,1358,510,344,30,3,13858,530,789,2719,2384,2477,2427,1214,743,499,74,2
2021,02,읍면동,경기도 고양시 일산동구 정발산동,23721,1243,2094,4016,2922,3600,4503,3029,1444,756,109,5,11459,657,1040,2086,1523,1657,2079,1473,642,270,29,3,12262,586,1054,1930,1399,1943,2424,1556,802,486,80,2
2021,02,읍면동,경기도 고양시 일산동구 중산동 ,47298,3396,4455,6900,5528,7367,9202,5804,2746,1600,284,16,22847,1710,2352,3643,2698,3496,4274,2879,1169,549,72,5,24451,1686,2103,3257,2830,3871,4928,2925,1577,1051,212,11
2021,02,읍면동,경기도 고양시 일산동구 풍산동 ,39035,3146,4478,5398,4702,6727,7040,4247,2059,1071,164,3,18809,1583,2317,2729,2260,3161,3379,2074,870,390,46,0,20226,1563,2161,2669,2442,3566,3661,2173,1189,681,118,3
2021,02,구,경기도 고양시 일산서구,302175,22387,33635,42762,36314,51877,56133,32309,15921,9397,1380,60,146659,11410,17132,21959,17771,24246,27360,16366,6663,3375,362,15,155516,10977,16503,20803,18543,27631,28773,15943,9258,6022,1018,45
2021,02,읍면동,경기도 고양시 일산서구 대화동 ,36585,2286,3054,6374,5367,5681,6834,4005,1869,968,139,8,17718,1156,1618,3064,2732,2703,3257,2002,815,334,34,3,18867,1130,1436,3310,2635,2978,3577,2003,1054,634,105,5
2021,02,읍면동,경기도 고양시 일산서구 송산동 ,51946,4554,6353,6702,5752,9784,9456,5428,2495,1227,187,8,25629,2305,3183,3530,2738,4677,4850,2743,1100,465,36,2,26317,2249,3170,3172,3014,5107,4606,2685,1395,762,151,6
2021,02,읍면동,경기도 고양시 일산서구 송포동 ,21913,1656,2278,3137,2919,3746,4022,2353,1122,601,76,3,10816,818,1169,1704,1402,1755,1989,1195,513,251,18,2,11097,838,1109,1433,1517,1991,2033,1158,609,350,58,1
2021,02,읍면동,경기도 고양시 일산서구 일산1동,27617,1971,2659,3992,3200,4288,5257,3371,1813,923,133,10,13362,982,1330,2062,1615,2022,2522,1672,768,354,34,1,14255,989,1329,1930,1585,2266,2735,1699,1045,569,99,9
2021,02,읍면동,경기도 고양시 일산서구 일산2동,18678,909,1486,2756,1938,2572,4170,2803,1244,697,98,5,9279,440,795,1455,990,1273,2061,1456,533,250,26,0,9399,469,691,1301,948,1299,2109,1347,711,447,72,5
2021,02,읍면동,경기도 고양시 일산서구 일산3동,35970,2620,5804,4785,3505,7119,6586,3192,1362,843,149,5,17476,1381,2968,2456,1703,3153,3213,1692,570,298,41,1,18494,1239,2836,2329,1802,3966,3373,1500,792,545,108,4
2021,02,읍면동,경기도 고양시 일산서구 주엽1동,28135,1843,3233,3753,3303,4653,5034,3148,1723,1268,169,8,13151,937,1616,1926,1543,2056,2354,1552,670,441,53,3,14984,906,1617,1827,1760,2597,2680,1596,1053,827,116,5
2021,02,읍면동,경기도 고양시 일산서구 주엽2동,29363,2006,3229,3816,3301,4854,5215,3306,1956,1461,210,9,13743,1046,1616,1910,1589,2205,2424,1638,755,493,64,3,15620,960,1613,1906,1712,2649,2791,1668,1201,968,146,6
2021,02,읍면동,경기도 고양시 일산서구 탄현동 ,51968,4542,5539,7447,7029,9180,9559,4703,2337,1409,219,4,25485,2345,2837,3852,3459,4402,4690,2416,939,489,56,0,26483,2197,2702,3595,3570,4778,4869,2287,1398,920,163,4
2021,02,시군,경기도 과천시 ,67279,5811,6691,9055,9413,10228,11707,8055,3883,1992,390,54,33019,3020,3446,4759,4724,4928,5672,3930,1714,727,88,11,34260,2791,3245,4296,4689,5300,6035,4125,2169,1265,302,43
2021,02,읍면동,경기도 과천시 갈현동 ,13419,1643,1716,1474,1746,2505,2111,1251,618,303,47,5,6520,848,853,760,788,1214,1055,620,247,121,14,0,6899,795,863,714,958,1291,1056,631,371,182,33,5
2021,02,읍면동,경기도 과천시 과천동 ,9563,642,597,1294,1646,1417,1556,1396,693,281,38,3,5002,323,326,720,949,769,773,686,334,111,11,0,4561,319,271,574,697,648,783,710,359,170,27,3
2021,02,읍면동,경기도 과천시 문원동 ,7788,565,850,1023,947,1252,1342,927,585,235,47,15,3795,304,453,546,494,597,665,405,246,74,7,4,3993,261,397,477,453,655,677,522,339,161,40,11
2021,02,읍면동,경기도 과천시 별양동 ,10606,692,1117,1655,1259,1415,2040,1308,604,413,90,13,5059,361,573,845,616,637,971,625,259,145,23,4,5547,331,544,810,643,778,1069,683,345,268,67,9
2021,02,읍면동,경기도 과천시 부림동 ,14850,1454,1416,2008,2342,2176,2603,1640,730,390,86,5,7283,760,746,1036,1156,1041,1243,814,330,140,16,1,7567,694,670,972,1186,1135,1360,826,400,250,70,4
2021,02,읍면동,경기도 과천시 중앙동 ,11053,815,995,1601,1473,1463,2055,1533,653,370,82,13,5360,424,495,852,721,670,965,780,298,136,17,2,5693,391,500,749,752,793,1090,753,355,234,65,11
2021,02,시군,경기도 광명시 ,296785,22786,30285,37829,40640,51148,49548,37904,17869,7480,1152,144,146369,11672,15549,19795,20567,25279,24660,18017,8051,2486,258,35,150416,11114,14736,18034,20073,25869,24888,19887,9818,4994,894,109
2021,02,읍면동,경기도 광명시 광명1동,522,3,16,60,79,68,135,110,34,9,4,4,276,3,9,32,45,43,72,53,16,2,1,0,246,0,7,28,34,25,63,57,18,7,3,4
2021,02,읍면동,경기도 광명시 광명2동,3441,115,196,407,394,499,621,655,389,143,18,4,1744,71,95,224,223,271,322,304,174,49,10,1,1697,44,101,183,171,228,299,351,215,94,8,3
2021,02,읍면동,경기도 광명시 광명3동,9878,359,621,1310,1159,1392,1893,1747,981,364,46,6,4791,182,327,691,635,717,905,766,429,128,8,3,5087,177,294,619,524,675,988,981,552,236,38,3
2021,02,읍면동,경기도 광명시 광명4동,14081,685,935,1896,1838,1992,2488,2439,1280,442,67,19,6876,340,464,985,986,1007,1222,1135,568,147,17,5,7205,345,471,911,852,985,1266,1304,712,295,50,14
2021,02,읍면동,경기도 광명시 광명5동,14664,854,1287,1860,1803,2339,2520,2279,1184,469,63,6,7238,448,663,1025,949,1180,1214,1048,536,159,14,2,7426,406,624,835,854,1159,1306,1231,648,310,49,4
2021,02,읍면동,경기도 광명시 광명6동,10820,831,1162,1296,1281,1843,1820,1502,761,279,36,9,5342,392,604,674,650,904,918,727,366,100,6,1,5478,439,558,622,631,939,902,775,395,179,30,8
2021,02,읍면동,경기도 광명시 광명7동,18688,1213,1682,2518,2419,2889,3231,2825,1321,511,72,7,9191,588,840,1349,1253,1438,1550,1346,619,187,20,1,9497,625,842,1169,1166,1451,1681,1479,702,324,52,6
2021,02,읍면동,경기도 광명시 소하1동,31997,3000,4271,3696,3957,6150,4872,3691,1601,628,114,17,15639,1523,2180,1948,1860,2970,2423,1763,748,194,26,4,16358,1477,2091,1748,2097,3180,2449,1928,853,434,88,13
2021,02,읍면동,경기도 광명시 소하2동,50985,4750,5008,6947,8381,8753,8114,5528,2415,925,149,15,25646,2442,2549,3649,4266,4457,4137,2674,1124,308,34,6,25339,2308,2459,3298,4115,4296,3977,2854,1291,617,115,9
2021,02,읍면동,경기도 광명시 철산1동,11117,926,1403,1447,1464,2054,1844,1203,525,216,34,1,5477,480,728,753,726,967,912,585,242,78,6,0,5640,446,675,694,738,1087,932,618,283,138,28,1
2021,02,읍면동,경기도 광명시 철산2동,8316,337,534,1201,1136,1215,1737,1295,548,261,45,7,4361,168,292,625,656,644,938,679,244,102,10,3,3955,169,242,576,480,571,799,616,304,159,35,4
2021,02,읍면동,경기도 광명시 철산3동,32838,2829,4176,4189,3814,6113,5532,3835,1551,688,103,8,16071,1438,2168,2162,1776,2883,2734,1890,752,245,20,3,16767,1391,2008,2027,2038,3230,2798,1945,799,443,83,5
2021,02,읍면동,경기도 광명시 철산4동,13508,1044,1224,1680,2355,2341,2175,1628,780,250,29,2,6766,539,638,897,1190,1182,1102,769,361,83,5,0,6742,505,586,783,1165,1159,1073,859,419,167,24,2
2021,02,읍면동,경기도 광명시 하안1동,26420,2311,3252,3262,2943,5010,4529,3110,1349,545,102,7,13195,1205,1658,1734,1465,2460,2314,1532,638,167,21,1,13225,1106,1594,1528,1478,2550,2215,1578,711,378,81,6
2021,02,읍면동,경기도 광명시 하안2동,14132,998,1107,1710,2515,2435,2198,1705,861,506,81,16,6684,508,568,849,1311,1209,1023,711,341,142,19,3,7448,490,539,861,1204,1226,1175,994,520,364,62,13
2021,02,읍면동,경기도 광명시 하안3동,20591,1473,1879,2482,2861,3493,3363,2588,1487,823,134,8,9716,791,962,1241,1413,1710,1629,1160,542,239,29,0,10875,682,917,1241,1448,1783,1734,1428,945,584,105,8
2021,02,읍면동,경기도 광명시 하안4동,12576,991,1444,1671,2012,2339,2043,1233,545,263,34,1,6098,517,749,843,1026,1099,983,570,217,88,6,0,6478,474,695,828,986,1240,1060,663,328,175,28,1
2021,02,읍면동,경기도 광명시 학온동 ,2211,67,88,197,229,223,433,531,257,158,21,7,1258,37,55,114,137,138,262,305,134,68,6,2,953,30,33,83,92,85,171,226,123,90,15,5
2021,02,시군,경기도 광주시 ,382835,34737,33575,45160,57249,67085,63865,49091,22224,8472,1275,102,195680,17853,17151,23945,29817,35439,32592,24607,10741,3225,283,27,187155,16884,16424,21215,27432,31646,31273,24484,11483,5247,992,75
2021,02,읍면동,경기도 광주시 경안동 ,25048,1968,2255,3370,3530,4107,4435,3170,1523,594,82,14,12910,1040,1155,1820,1847,2158,2365,1594,708,203,14,6,12138,928,1100,1550,1683,1949,2070,1576,815,391,68,8
2021,02,읍면동,경기도 광주시 곤지암읍,23090,1392,1828,2819,2787,3572,4580,3521,1648,819,105,19,12330,706,971,1577,1566,1925,2555,1882,805,311,25,7,10760,686,857,1242,1221,1647,2025,1639,843,508,80,12
2021,02,읍면동,경기도 광주시 광남1동,33440,2675,2670,4256,4841,5718,5909,4680,1951,638,100,2,17205,1386,1377,2271,2559,3063,2987,2336,970,238,18,0,16235,1289,1293,1985,2282,2655,2922,2344,981,400,82,2
2021,02,읍면동,경기도 광주시 광남2동,34179,5363,3977,3036,6197,7186,4088,2682,1205,382,61,2,16973,2694,2064,1526,2932,3646,2078,1273,593,157,10,0,17206,2669,1913,1510,3265,3540,2010,1409,612,225,51,2
2021,02,읍면동,경기도 광주시 남종면 ,1506,42,64,109,91,156,270,388,225,140,21,0,777,21,33,59,48,84,149,209,106,60,8,0,729,21,31,50,43,72,121,179,119,80,13,0
2021,02,읍면동,경기도 광주시 남한산성면,2595,150,196,183,227,356,483,513,301,156,29,1,1382,73,103,97,123,200,274,287,148,72,5,0,1213,77,93,86,104,156,209,226,153,84,24,1
2021,02,읍면동,경기도 광주시 도척면 ,9427,462,645,1013,990,1350,1838,1792,827,431,71,8,5187,238,341,592,578,809,1033,989,428,159,18,2,4240,224,304,421,412,541,805,803,399,272,53,6
2021,02,읍면동,경기도 광주시 송정동 ,22153,1673,2012,2818,2961,3762,3975,3037,1371,469,71,4,11139,817,981,1485,1578,1949,1989,1512,648,164,16,0,11014,856,1031,1333,1383,1813,1986,1525,723,305,55,4
2021,02,읍면동,경기도 광주시 쌍령동 ,18355,1956,1631,2370,2914,3188,3039,2100,848,264,42,3,9159,1015,787,1224,1456,1636,1461,1051,407,117,5,0,9196,941,844,1146,1458,1552,1578,1049,441,147,37,3
2021,02,읍면동,경기도 광주시 오포읍 ,112465,11163,8764,13488,19813,20169,17371,13184,5994,2162,337,20,56938,5802,4494,7044,10309,10729,8435,6379,2834,825,81,6,55527,5361,4270,6444,9504,9440,8936,6805,3160,1337,256,14
2021,02,읍면동,경기도 광주시 초월읍 ,46215,3734,4675,5536,6181,8258,7954,5921,2684,1103,164,5,24020,1948,2348,2959,3238,4401,4272,3113,1298,410,32,1,22195,1786,2327,2577,2943,3857,3682,2808,1386,693,132,4
2021,02,읍면동,경기도 광주시 탄벌동 ,39142,3069,3645,4994,5260,6830,7347,5121,2057,711,91,17,19909,1572,1845,2641,2828,3505,3659,2550,1004,278,24,3,19233,1497,1800,2353,2432,3325,3688,2571,1053,433,67,14
2021,02,읍면동,경기도 광주시 퇴촌면 ,15220,1090,1213,1168,1457,2433,2576,2982,1590,603,101,7,7751,541,652,650,755,1334,1335,1432,792,231,27,2,7469,549,561,518,702,1099,1241,1550,798,372,74,5
2021,02,시군,경기도 구리시 ,196685,14918,17952,27129,26044,32582,35698,24888,11759,4936,695,84,97601,7706,9266,13948,13094,16289,17575,12425,5277,1812,182,27,99084,7212,8686,13181,12950,16293,18123,12463,6482,3124,513,57
2021,02,읍면동,경기도 구리시 갈매동 ,31357,4546,2277,3309,5936,5791,4253,3315,1439,416,72,3,15557,2354,1135,1647,2854,3093,2039,1583,705,130,15,2,15800,2192,1142,1662,3082,2698,2214,1732,734,286,57,1
2021,02,읍면동,경기도 구리시 교문1동,16361,723,1081,2216,2023,2474,3220,2620,1317,579,81,27,8348,376,520,1150,1116,1345,1647,1336,611,211,25,11,8013,347,561,1066,907,1129,1573,1284,706,368,56,16
2021,02,읍면동,경기도 구리시 교문2동,22213,1575,2733,3039,2494,3826,3949,2744,1238,536,73,6,10778,800,1381,1572,1214,1768,1906,1335,568,215,18,1,11435,775,1352,1467,1280,2058,2043,1409,670,321,55,5
2021,02,읍면동,경기도 구리시 동구동 ,37985,2688,3932,5627,4573,6304,7260,4375,2088,993,139,6,18766,1424,2090,2915,2296,3007,3484,2230,901,378,39,2,19219,1264,1842,2712,2277,3297,3776,2145,1187,615,100,4
2021,02,읍면동,경기도 구리시 수택1동,17786,726,1207,2743,2090,2550,3669,2867,1321,526,77,10,8854,391,626,1357,1127,1283,1837,1460,575,176,19,3,8932,335,581,1386,963,1267,1832,1407,746,350,58,7
2021,02,읍면동,경기도 구리시 수택2동,25702,1332,2117,3800,3200,3725,5066,3838,1744,762,103,15,12799,668,1116,2002,1635,1939,2491,1900,750,275,19,4,12903,664,1001,1798,1565,1786,2575,1938,994,487,84,11
2021,02,읍면동,경기도 구리시 수택3동,21801,1576,2249,3032,2714,3964,3966,2437,1240,539,75,9,11006,801,1169,1612,1379,1935,2056,1263,558,212,20,1,10795,775,1080,1420,1335,2029,1910,1174,682,327,55,8
2021,02,읍면동,경기도 구리시 인창동 ,23480,1752,2356,3363,3014,3948,4315,2692,1372,585,75,8,11493,892,1229,1693,1473,1919,2115,1318,609,215,27,3,11987,860,1127,1670,1541,2029,2200,1374,763,370,48,5
2021,02,시군,경기도 군포시 ,272533,20195,26290,37985,37853,44062,48049,33990,15172,7658,1205,74,135192,10323,13571,19873,19622,21717,23463,16729,6824,2720,329,21,137341,9872,12719,18112,18231,22345,24586,17261,8348,4938,876,53
2021,02,읍면동,경기도 군포시 광정동 ,25287,1722,2731,3633,3220,4222,4429,2844,1393,912,170,11,12275,885,1423,1825,1606,1977,2244,1377,599,292,46,1,13012,837,1308,1808,1614,2245,2185,1467,794,620,124,10
2021,02,읍면동,경기도 군포시 군포1동,33633,1953,2632,5405,4637,5018,6556,4596,1914,780,130,12,17753,993,1382,2984,2641,2694,3420,2388,912,297,38,4,15880,960,1250,2421,1996,2324,3136,2208,1002,483,92,8
2021,02,읍면동,경기도 군포시 군포2동,53493,4615,6146,7200,7114,9169,9334,6118,2513,1094,177,13,26551,2379,3151,3748,3602,4479,4498,3071,1189,387,43,4,26942,2236,2995,3452,3512,4690,4836,3047,1324,707,134,9
2021,02,읍면동,경기도 군포시 궁내동 ,20963,1848,3104,2527,2195,4105,3554,2004,925,614,84,3,10192,975,1559,1333,1042,1867,1775,989,403,216,33,0,10771,873,1545,1194,1153,2238,1779,1015,522,398,51,3
2021,02,읍면동,경기도 군포시 금정동 ,17484,862,1163,2763,2341,2515,3494,2724,1114,433,66,9,9078,455,608,1476,1319,1357,1800,1359,535,152,14,3,8406,407,555,1287,1022,1158,1694,1365,579,281,52,6
2021,02,읍면동,경기도 군포시 대야동 ,20598,2250,1746,2577,3697,3352,3252,2328,943,379,69,5,10330,1128,908,1295,1878,1745,1553,1198,469,134,19,3,10268,1122,838,1282,1819,1607,1699,1130,474,245,50,2
2021,02,읍면동,경기도 군포시 산본1동,16046,650,843,2509,2176,2075,3023,2722,1353,589,98,8,8046,337,443,1368,1251,1114,1425,1289,605,194,19,1,8000,313,400,1141,925,961,1598,1433,748,395,79,7
2021,02,읍면동,경기도 군포시 산본2동,27196,2224,2764,3712,3496,4413,4804,3583,1389,692,116,3,13187,1131,1428,1917,1700,2085,2232,1780,634,251,28,1,14009,1093,1336,1795,1796,2328,2572,1803,755,441,88,2
2021,02,읍면동,경기도 군포시 수리동 ,16762,1028,1615,2096,2113,2664,2984,2141,1207,807,102,5,7992,485,831,1073,1083,1288,1408,988,494,302,37,3,8770,543,784,1023,1030,1376,1576,1153,713,505,65,2
2021,02,읍면동,경기도 군포시 오금동 ,21990,1874,2135,2814,3695,3771,3469,2357,1133,658,84,0,10691,947,1118,1464,1843,1802,1647,1113,471,260,26,0,11299,927,1017,1350,1852,1969,1822,1244,662,398,58,0
2021,02,읍면동,경기도 군포시 재궁동 ,19081,1169,1411,2749,3169,2758,3150,2573,1288,700,109,5,9097,608,720,1390,1657,1309,1461,1177,513,235,26,1,9984,561,691,1359,1512,1449,1689,1396,775,465,83,4
2021,02,시군,경기도 김포시 ,479290,55509,48327,52542,76765,89778,67587,50461,25968,10718,1561,74,240076,28279,24625,27076,37704,46736,34508,24562,12145,4048,374,19,239214,27230,23702,25466,39061,43042,33079,25899,13823,6670,1187,55
2021,02,읍면동,경기도 김포시 고촌읍 ,46600,6344,4448,4337,8549,8856,5919,4984,2193,824,133,13,23254,3312,2295,2170,4087,4604,2930,2401,1118,307,28,2,23346,3032,2153,2167,4462,4252,2989,2583,1075,517,105,11
2021,02,읍면동,경기도 김포시 구래동 ,42244,6407,3653,5429,9933,8106,3927,2907,1377,435,68,2,21054,3248,1789,2617,4994,4407,1880,1310,631,162,15,1,21190,3159,1864,2812,4939,3699,2047,1597,746,273,53,1
2021,02,읍면동,경기도 김포시 김포본동,62071,6035,6421,7925,8425,10815,10441,6787,3444,1565,203,10,30577,3001,3286,4213,4063,5318,5179,3361,1513,586,54,3,31494,3034,3135,3712,4362,5497,5262,3426,1931,979,149,7
2021,02,읍면동,경기도 김포시 대곶면 ,9834,331,535,911,865,1258,2186,2079,1067,517,83,2,5744,180,286,572,546,809,1391,1198,531,209,22,0,4090,151,249,339,319,449,795,881,536,308,61,2
2021,02,읍면동,경기도 김포시 마산동 ,33948,5391,2913,2970,7527,6624,3330,2920,1673,511,87,2,16810,2745,1454,1443,3738,3565,1596,1267,787,191,23,1,17138,2646,1459,1527,3789,3059,1734,1653,886,320,64,1
2021,02,읍면동,경기도 김포시 사우동 ,22827,1573,2087,3202,2854,3759,4247,2835,1500,677,86,7,11440,828,1099,1700,1469,1920,2118,1363,673,252,18,0,11387,745,988,1502,1385,1839,2129,1472,827,425,68,7
2021,02,읍면동,경기도 김포시 양촌읍 ,29033,2304,2499,2964,3866,4826,5041,4286,2166,916,156,9,15293,1150,1287,1610,2157,2725,2768,2200,1026,336,30,4,13740,1154,1212,1354,1709,2101,2273,2086,1140,580,126,5
2021,02,읍면동,경기도 김포시 운양동 ,49630,7592,5238,4594,9199,10833,5628,3860,1936,648,102,0,24304,3886,2678,2223,4185,5651,2762,1739,898,256,26,0,25326,3706,2560,2371,5014,5182,2866,2121,1038,392,76,0
2021,02,읍면동,경기도 김포시 월곶면 ,5511,147,245,524,399,597,1164,1290,709,354,77,5,3028,70,121,318,234,370,671,707,386,135,15,1,2483,77,124,206,165,227,493,583,323,219,62,4
2021,02,읍면동,경기도 김포시 장기동 ,41030,5686,5043,3874,6688,9060,4825,3320,1778,664,90,2,20167,2908,2474,2005,3164,4628,2439,1502,789,241,17,0,20863,2778,2569,1869,3524,4432,2386,1818,989,423,73,2
2021,02,읍면동,경기도 김포시 장기본동,39298,4981,5526,3934,5646,8431,5058,3213,1756,664,87,2,19165,2488,2799,1976,2608,4158,2560,1477,816,263,19,1,20133,2493,2727,1958,3038,4273,2498,1736,940,401,68,1
2021,02,읍면동,경기도 김포시 통진읍 ,26785,1660,2291,3253,2911,4034,5164,4229,2027,1055,156,5,14318,852,1250,1951,1630,2262,2796,2245,917,367,46,2,12467,808,1041,1302,1281,1772,2368,1984,1110,688,110,3
2021,02,읍면동,경기도 김포시 풍무동 ,62297,6800,6982,7812,9248,11699,8974,5988,3299,1332,155,8,30463,3471,3558,3787,4434,5773,4461,2850,1561,530,36,2,31834,3329,3424,4025,4814,5926,4513,3138,1738,802,119,6
2021,02,읍면동,경기도 김포시 하성면 ,8182,258,446,813,655,880,1683,1763,1043,556,78,7,4459,140,249,491,395,546,957,942,499,213,25,2,3723,118,197,322,260,334,726,821,544,343,53,5
2021,02,시군,경기도 남양주시,718434,64909,77651,85255,89494,131180,118134,84710,45143,19011,2719,228,357710,33395,39894,44447,44136,65789,60325,41281,20592,7168,621,62,360724,31514,37757,40808,45358,65391,57809,43429,24551,11843,2098,166
2021,02,읍면동,경기도 남양주시 금곡동,18908,707,1189,2479,2088,2277,3883,3604,1653,876,136,16,9650,367,630,1379,1192,1203,1939,1826,770,306,32,6,9258,340,559,1100,896,1074,1944,1778,883,570,104,10
2021,02,읍면동,경기도 남양주시 다산1동 ,79243,10495,8299,9056,13240,15583,10391,7083,3486,1387,207,16,38937,5336,4176,4530,6283,7956,5132,3303,1678,509,33,1,40306,5159,4123,4526,6957,7627,5259,3780,1808,878,174,15
2021,02,읍면동,경기도 남양주시 다산2동 ,36203,4766,3789,3819,5793,7329,5177,3441,1435,552,87,15,17638,2437,1950,1922,2635,3695,2534,1588,657,196,19,5,18565,2329,1839,1897,3158,3634,2643,1853,778,356,68,10
2021,02,읍면동,경기도 남양주시 별내동,74119,8467,6821,8986,11875,13385,10970,8334,3675,1375,214,17,36070,4317,3370,4474,5728,6688,5246,3985,1759,462,37,4,38049,4150,3451,4512,6147,6697,5724,4349,1916,913,177,13
2021,02,읍면동,경기도 남양주시 별내면,19772,1208,1943,2506,1810,3266,3639,2765,1733,777,105,20,9891,620,1051,1251,946,1641,1889,1347,776,332,33,5,9881,588,892,1255,864,1625,1750,1418,957,445,72,15
2021,02,읍면동,경기도 남양주시 수동면,9022,345,537,806,759,1045,1787,1958,1129,511,135,10,4717,186,301,469,412,580,983,1015,550,189,26,6,4305,159,236,337,347,465,804,943,579,322,109,4
2021,02,읍면동,경기도 남양주시 양정동,4563,160,189,522,492,475,891,1080,497,226,23,8,2582,80,94,311,302,308,502,646,243,90,6,0,1981,80,95,211,190,167,389,434,254,136,17,8
2021,02,읍면동,경기도 남양주시 오남읍,53597,3943,6579,6732,5384,10200,9650,5822,3543,1543,196,5,26968,2055,3356,3609,2732,5099,5104,2846,1537,582,46,2,26629,1888,3223,3123,2652,5101,4546,2976,2006,961,150,3
2021,02,읍면동,경기도 남양주시 와부읍,62121,4017,7352,7789,5980,11015,11160,7742,4768,1970,296,32,30628,2097,3756,4125,2952,5241,5647,3711,2217,793,81,8,31493,1920,3596,3664,3028,5774,5513,4031,2551,1177,215,24
2021,02,읍면동,경기도 남양주시 조안면,4225,201,256,405,427,526,784,879,480,226,38,3,2183,103,126,229,221,277,424,458,243,93,6,3,2042,98,130,176,206,249,360,421,237,133,32,0
2021,02,읍면동,경기도 남양주시 진건읍,24171,1024,1880,3309,2312,3306,5191,4064,1979,953,140,13,12555,571,955,1826,1264,1769,2750,2148,889,354,28,1,11616,453,925,1483,1048,1537,2441,1916,1090,599,112,12
2021,02,읍면동,경기도 남양주시 진접읍,93083,8197,11437,10600,10239,17425,15220,11114,5962,2563,309,17,46978,4250,5929,5602,5100,8751,8088,5519,2674,979,81,5,46105,3947,5508,4998,5139,8674,7132,5595,3288,1584,228,12
2021,02,읍면동,경기도 남양주시 퇴계원읍,29731,1733,2571,4116,3340,4268,5735,4611,2246,994,108,9,14810,863,1342,2183,1764,2133,2761,2333,1037,363,28,3,14921,870,1229,1933,1576,2135,2974,2278,1209,631,80,6
2021,02,읍면동,경기도 남양주시 평내동,36614,3239,4956,4538,4285,7373,5884,3458,1899,864,115,3,18012,1628,2558,2288,2109,3579,3024,1646,834,317,29,0,18602,1611,2398,2250,2176,3794,2860,1812,1065,547,86,3
2021,02,읍면동,경기도 남양주시 호평동,54218,6058,7033,5797,6909,11429,7864,4806,2994,1139,179,10,26458,3139,3608,3006,3209,5535,4003,2168,1298,448,41,3,27760,2919,3425,2791,3700,5894,3861,2638,1696,691,138,7
2021,02,읍면동,경기도 남양주시 화도읍,104100,8729,11507,12226,12364,19752,17584,12043,6814,2674,374,33,52149,4518,6001,6417,6181,10023,9097,5788,3026,1003,86,9,51951,4211,5506,5809,6183,9729,8487,6255,3788,1671,288,24
2021,02,읍면동,경기도 남양주시 화도읍동부출장소,14744,1620,1313,1569,2197,2526,2324,1906,850,381,57,1,7484,828,691,826,1106,1311,1202,954,404,152,9,1,7260,792,622,743,1091,1215,1122,952,446,229,48,0
2021,02,시군,경기도 동두천시,94318,6182,8534,11272,10103,14269,16518,13446,8790,4493,625,86,47005,3187,4306,6132,5223,7380,8672,6584,3668,1657,174,22,47313,2995,4228,5140,4880,6889,7846,6862,5122,2836,451,64
2021,02,읍면동,경기도 동두천시 보산동,3084,144,204,330,286,385,579,544,392,191,27,2,1462,65,94,196,150,197,282,272,141,58,7,0,1622,79,110,134,136,188,297,272,251,133,20,2
2021,02,읍면동,경기도 동두천시 불현동,27497,1897,2610,3502,2984,4140,4948,3795,2316,1147,146,12,13571,963,1312,1863,1527,2066,2530,1874,969,422,41,4,13926,934,1298,1639,1457,2074,2418,1921,1347,725,105,8
2021,02,읍면동,경기도 동두천시 상패동,5451,255,285,597,626,647,1003,991,641,335,62,9,2882,145,137,339,368,374,569,525,287,118,17,3,2569,110,148,258,258,273,434,466,354,217,45,6
2021,02,읍면동,경기도 동두천시 생연1동 ,6987,481,582,756,763,950,1253,1129,656,375,38,4,3472,257,278,421,388,503,646,556,269,141,12,1,3515,224,304,335,375,447,607,573,387,234,26,3
2021,02,읍면동,경기도 동두천시 생연2동 ,11938,757,1199,1344,1183,1894,2025,1661,1161,641,66,7,5873,402,614,753,585,966,1057,773,455,251,15,2,6065,355,585,591,598,928,968,888,706,390,51,5
2021,02,읍면동,경기도 동두천시 소요동,8825,404,506,918,786,1167,1597,1665,1112,569,79,22,4569,201,271,534,422,671,870,840,524,208,24,4,4256,203,235,384,364,496,727,825,588,361,55,18
2021,02,읍면동,경기도 동두천시 송내동,25411,2103,2942,3327,3043,4502,4069,2574,1859,862,125,5,12506,1076,1492,1745,1536,2256,2116,1165,744,345,29,2,12905,1027,1450,1582,1507,2246,1953,1409,1115,517,96,3
2021,02,읍면동,경기도 동두천시 중앙동,5125,141,206,498,432,584,1044,1087,653,373,82,25,2670,78,108,281,247,347,602,579,279,114,29,6,2455,63,98,217,185,237,442,508,374,259,53,19
2021,02,시군,경기도 부천시 ,816087,56057,69762,116672,114825,128633,147142,112543,46919,20116,3161,257,404763,28812,35778,60227,58998,64835,71374,55528,21657,6766,725,63,411324,27245,33984,56445,55827,63798,75768,57015,25262,13350,2436,194
2021,02,읍면동,경기도 부천시 대산동 ,81795,4593,6326,11605,11129,12336,14692,12619,5720,2377,366,32,40510,2379,3259,6135,5927,6258,7012,5987,2604,868,73,8,41285,2214,3067,5470,5202,6078,7680,6632,3116,1509,293,24
2021,02,읍면동,경기도 부천시 범안동 ,95961,9586,9233,11371,14240,17344,14413,11756,5270,2310,396,42,47063,4916,4608,5884,6922,8841,6901,5627,2458,794,99,13,48898,4670,4625,5487,7318,8503,7512,6129,2812,1516,297,29
2021,02,읍면동,경기도 부천시 부천동 ,89939,5488,7164,12899,11975,13815,16554,13325,5893,2468,323,35,45057,2810,3740,6757,6253,7212,8153,6472,2702,857,90,11,44882,2678,3424,6142,5722,6603,8401,6853,3191,1611,233,24
2021,02,읍면동,경기도 부천시 상동,86229,7868,9828,12101,12458,15292,15291,8936,2932,1278,239,6,42375,4001,5026,6198,5969,7212,7406,4708,1398,403,51,3,43854,3867,4802,5903,6489,8080,7885,4228,1534,875,188,3
2021,02,읍면동,경기도 부천시 성곡동 ,83693,4424,6997,12564,9680,12535,16942,12182,5438,2542,363,26,41922,2231,3647,6637,5185,6368,8494,6080,2369,823,83,5,41771,2193,3350,5927,4495,6167,8448,6102,3069,1719,280,21
2021,02,읍면동,경기도 부천시 소사본동,57093,3725,4309,7836,8209,7895,10261,9119,3921,1567,229,22,28185,1917,2163,4079,4338,3945,4819,4409,1901,551,59,4,28908,1808,2146,3757,3871,3950,5442,4710,2020,1016,170,18
2021,02,읍면동,경기도 부천시 신중동 ,131066,9722,11270,19425,21472,20584,22763,16814,5862,2642,493,19,63333,5008,5701,9488,10615,9828,10523,8482,2733,847,105,3,67733,4714,5569,9937,10857,10756,12240,8332,3129,1795,388,16
2021,02,읍면동,경기도 부천시 심곡동 ,64170,2986,3878,10139,9486,9573,11629,9817,4614,1757,256,35,32548,1586,1969,5179,5197,5233,5830,4716,2163,622,46,7,31622,1400,1909,4960,4289,4340,5799,5101,2451,1135,210,28
2021,02,읍면동,경기도 부천시 오정동 ,84382,4944,6900,12623,10756,12894,16879,12028,4882,2145,305,26,43157,2565,3651,6757,5825,6813,8527,6092,2182,671,69,5,41225,2379,3249,5866,4931,6081,8352,5936,2700,1474,236,21
2021,02,읍면동,경기도 부천시 중동,41759,2721,3857,6109,5420,6365,7718,5947,2387,1030,191,14,20613,1399,2014,3113,2767,3125,3709,2955,1147,330,50,4,21146,1322,1843,2996,2653,3240,4009,2992,1240,700,141,10
2021,02,시군,경기도 성남시 ,938819,67946,87251,131574,136321,156564,155843,115128,58252,25208,4222,510,464828,34774,44727,67450,69278,77309,77844,56351,26490,9407,1057,141,473991,33172,42524,64124,67043,79255,77999,58777,31762,15801,3165,369
2021,02,구,경기도 성남시 분당구 ,481474,39271,53422,65349,69405,86235,76666,50064,25602,13005,2355,100,233413,20180,27325,32883,33404,40198,37694,24447,11605,5010,644,23,248061,19091,26097,32466,36001,46037,38972,25617,13997,7995,1711,77
2021,02,읍면동,경기도 성남시 분당구 구미1동 ,17777,1329,1675,2727,2767,2956,2946,1850,943,485,97,2,8592,696,817,1315,1368,1406,1421,921,420,200,28,0,9185,633,858,1412,1399,1550,1525,929,523,285,69,2
2021,02,읍면동,경기도 성남시 분당구 구미동,31425,2222,2719,4542,4520,4961,5255,3558,2111,1242,284,11,15085,1099,1418,2300,2203,2296,2508,1774,920,468,98,1,16340,1123,1301,2242,2317,2665,2747,1784,1191,774,186,10
2021,02,읍면동,경기도 성남시 분당구 금곡동,28767,1905,2354,4040,4673,4389,4568,3551,2006,1078,198,5,13522,961,1166,1981,2241,2048,2139,1686,854,393,53,0,15245,944,1188,2059,2432,2341,2429,1865,1152,685,145,5
2021,02,읍면동,경기도 성남시 분당구 백현동,27608,2847,3097,3808,3755,4695,4796,2843,1200,483,82,2,13326,1465,1614,1886,1721,2234,2278,1382,571,151,24,0,14282,1382,1483,1922,2034,2461,2518,1461,629,332,58,2
2021,02,읍면동,경기도 성남시 분당구 분당동,26401,1991,2945,3712,3581,4637,4288,2927,1458,728,128,6,12985,1024,1550,1946,1797,2132,2074,1422,699,303,36,2,13416,967,1395,1766,1784,2505,2214,1505,759,425,92,4
2021,02,읍면동,경기도 성남시 분당구 삼평동,24835,2696,3048,3044,3553,4666,3985,2368,980,417,75,3,12104,1422,1520,1524,1595,2284,1999,1135,455,153,16,1,12731,1274,1528,1520,1958,2382,1986,1233,525,264,59,2
2021,02,읍면동,경기도 성남시 분당구 서현1동 ,32356,2443,4351,4570,4227,6318,5064,2781,1557,882,157,6,15618,1256,2208,2247,2038,2880,2534,1347,695,368,42,3,16738,1187,2143,2323,2189,3438,2530,1434,862,514,115,3
2021,02,읍면동,경기도 성남시 분당구 서현2동 ,18741,1426,2295,2767,2378,3244,3326,1945,832,450,74,4,9251,742,1204,1472,1196,1446,1634,978,392,168,16,3,9490,684,1091,1295,1182,1798,1692,967,440,282,58,1
2021,02,읍면동,경기도 성남시 분당구 수내1동 ,18061,1284,2213,2467,2429,3724,2859,1402,934,649,96,4,8617,665,1164,1190,1123,1657,1474,677,385,248,33,1,9444,619,1049,1277,1306,2067,1385,725,549,401,63,3
2021,02,읍면동,경기도 성남시 분당구 수내2동 ,10619,1186,1955,956,869,2626,1485,757,473,264,46,2,5161,575,977,513,359,1197,834,369,213,111,12,1,5458,611,978,443,510,1429,651,388,260,153,34,1
2021,02,읍면동,경기도 성남시 분당구 수내3동 ,14048,1050,2411,1860,1546,3151,2143,1117,492,237,38,3,6959,532,1267,948,779,1449,1121,544,223,85,11,0,7089,518,1144,912,767,1702,1022,573,269,152,27,3
2021,02,읍면동,경기도 성남시 분당구 야탑1동 ,17593,1292,1286,2738,2852,2757,2682,2287,1138,463,92,6,8715,652,678,1410,1441,1376,1261,1140,539,191,26,1,8878,640,608,1328,1411,1381,1421,1147,599,272,66,5
2021,02,읍면동,경기도 성남시 분당구 야탑2동 ,16764,1274,1790,2107,2091,2756,2585,2261,1194,597,105,4,7975,629,912,1022,965,1247,1256,1115,555,245,29,0,8789,645,878,1085,1126,1509,1329,1146,639,352,76,4
2021,02,읍면동,경기도 성남시 분당구 야탑3동 ,29069,2176,2055,4155,5332,4349,4553,3796,1730,773,140,10,14307,1128,1017,2151,2834,2201,2127,1812,777,236,24,0,14762,1048,1038,2004,2498,2148,2426,1984,953,537,116,10
2021,02,읍면동,경기도 성남시 분당구 운중동,21633,2181,2422,2450,3133,4049,3515,2486,949,377,70,1,10563,1123,1230,1253,1416,1948,1738,1229,476,135,15,0,11070,1058,1192,1197,1717,2101,1777,1257,473,242,55,1
2021,02,읍면동,경기도 성남시 분당구 이매1동 ,25911,2262,3133,3369,3589,4610,4163,2652,1368,629,131,5,12641,1185,1572,1746,1726,2121,2083,1304,625,244,33,2,13270,1077,1561,1623,1863,2489,2080,1348,743,385,98,3
2021,02,읍면동,경기도 성남시 분당구 이매2동 ,13687,1014,1839,1789,1346,2371,2415,1631,801,399,76,6,6700,528,989,925,609,1050,1199,832,388,163,16,1,6987,486,850,864,737,1321,1216,799,413,236,60,5
2021,02,읍면동,경기도 성남시 분당구 정자1동 ,31053,2041,3319,4715,4960,5977,4830,2520,1679,894,111,7,14627,1031,1625,2145,2275,2638,2439,1226,782,418,44,4,16426,1010,1694,2570,2685,3339,2391,1294,897,476,67,3
2021,02,읍면동,경기도 성남시 분당구 정자2동 ,15933,914,1377,2046,2953,2650,2398,1759,1043,668,121,4,7548,504,738,1035,1477,1206,1134,845,400,179,29,1,8385,410,639,1011,1476,1444,1264,914,643,489,92,3
2021,02,읍면동,경기도 성남시 분당구 정자3동 ,15548,1318,1768,2015,2318,2824,2413,1447,814,523,107,1,7539,693,923,1049,1100,1319,1184,683,338,219,30,1,8009,625,845,966,1218,1505,1229,764,476,304,77,0
2021,02,읍면동,경기도 성남시 분당구 정자동,19769,1438,1928,3127,3477,3216,2968,2123,1016,404,68,4,9876,739,954,1669,1807,1537,1453,1032,482,185,17,1,9893,699,974,1458,1670,1679,1515,1091,534,219,51,3
2021,02,읍면동,경기도 성남시 분당구 판교동,23876,2982,3442,2345,3056,5309,3429,2003,884,363,59,4,11702,1531,1782,1156,1334,2526,1804,994,416,147,12,0,12174,1451,1660,1189,1722,2783,1625,1009,468,216,47,4
2021,02,구,경기도 성남시 수정구 ,241217,15568,17402,35099,35800,37481,41092,33912,17248,6420,975,220,122005,7876,8903,18477,19132,19825,20913,16425,7816,2340,232,66,119212,7692,8499,16622,16668,17656,20179,17487,9432,4080,743,154
2021,02,읍면동,경기도 성남시 수정구 고등동,8725,717,522,1406,1888,1084,1317,1066,518,173,31,3,4319,388,259,672,983,540,657,518,244,50,7,1,4406,329,263,734,905,544,660,548,274,123,24,2
2021,02,읍면동,경기도 성남시 수정구 단대동,15853,1047,1279,2155,2219,2465,2751,2179,1190,475,77,16,7831,537,675,1147,1141,1264,1336,1006,520,183,17,5,8022,510,604,1008,1078,1201,1415,1173,670,292,60,11
2021,02,읍면동,경기도 성남시 수정구 복정동,11092,716,451,2252,2610,2009,1342,1077,464,133,33,5,6108,361,234,1204,1555,1208,732,521,230,56,5,2,4984,355,217,1048,1055,801,610,556,234,77,28,3
2021,02,읍면동,경기도 성남시 수정구 산성동,9472,432,752,1212,1187,1556,1633,1428,907,297,43,25,4879,227,398,675,661,861,828,681,399,126,13,10,4593,205,354,537,526,695,805,747,508,171,30,15
2021,02,읍면동,경기도 성남시 수정구 수진1동 ,12623,388,671,1766,1469,1756,2551,2220,1248,458,74,22,6561,196,370,964,866,976,1379,1075,548,157,22,8,6062,192,301,802,603,780,1172,1145,700,301,52,14
2021,02,읍면동,경기도 성남시 수정구 수진2동 ,16176,791,1092,2333,2125,2309,2884,2630,1452,480,63,17,8131,377,574,1209,1175,1210,1441,1260,664,204,13,4,8045,414,518,1124,950,1099,1443,1370,788,276,50,13
2021,02,읍면동,경기도 성남시 수정구 시흥동,3203,157,157,522,519,428,480,537,287,98,15,3,1710,78,90,303,300,230,247,271,146,40,5,0,1493,79,67,219,219,198,233,266,141,58,10,3
2021,02,읍면동,경기도 성남시 수정구 신촌동,4816,516,448,746,892,775,611,521,212,79,16,0,2551,263,247,470,479,414,304,243,101,26,4,0,2265,253,201,276,413,361,307,278,111,53,12,0
2021,02,읍면동,경기도 성남시 수정구 신흥1동 ,13517,497,728,1995,1798,2015,2530,2279,1142,448,60,25,7109,253,384,1086,1061,1168,1399,1093,500,144,13,8,6408,244,344,909,737,847,1131,1186,642,304,47,17
2021,02,읍면동,경기도 성남시 수정구 신흥2동 ,20284,1789,1620,2630,3389,3070,3493,2722,1121,369,62,19,9939,884,798,1324,1722,1511,1650,1323,570,135,17,5,10345,905,822,1306,1667,1559,1843,1399,551,234,45,14
2021,02,읍면동,경기도 성남시 수정구 신흥3동 ,11348,432,644,1746,1559,1743,2152,1738,965,312,48,9,5915,208,346,915,890,970,1177,849,431,116,11,2,5433,224,298,831,669,773,975,889,534,196,37,7
2021,02,읍면동,경기도 성남시 수정구 양지동,9983,580,918,1399,1113,1642,1742,1418,825,297,46,3,4924,299,470,703,581,838,881,668,358,115,10,1,5059,281,448,696,532,804,861,750,467,182,36,2
2021,02,읍면동,경기도 성남시 수정구 위례동,45814,4981,4155,5624,7373,8093,7136,5364,2064,874,144,6,22420,2533,2027,2810,3491,4120,3457,2665,997,288,30,2,23394,2448,2128,2814,3882,3973,3679,2699,1067,586,114,4
2021,02,읍면동,경기도 성남시 수정구 태평1동 ,15593,501,768,2804,2168,2131,2718,2442,1442,539,66,14,7982,261,391,1443,1211,1206,1411,1202,631,203,22,1,7611,240,377,1361,957,925,1307,1240,811,336,44,13
2021,02,읍면동,경기도 성남시 수정구 태평2동 ,15704,737,1085,2505,2154,2274,2800,2304,1243,508,76,18,7865,352,578,1315,1185,1181,1430,1088,540,174,15,7,7839,385,507,1190,969,1093,1370,1216,703,334,61,11
2021,02,읍면동,경기도 성남시 수정구 태평3동 ,13532,611,926,1948,1713,2004,2572,2143,1098,433,68,16,6944,316,466,1109,934,1059,1347,1072,467,150,19,5,6588,295,460,839,779,945,1225,1071,631,283,49,11
2021,02,읍면동,경기도 성남시 수정구 태평4동 ,13482,676,1186,2056,1624,2127,2380,1844,1070,447,53,19,6817,343,596,1128,897,1069,1237,890,470,173,9,5,6665,333,590,928,727,1058,1143,954,600,274,44,14
2021,02,구,경기도 성남시 중원구 ,216128,13107,16427,31126,31116,32848,38085,31152,15402,5783,892,190,109410,6718,8499,16090,16742,17286,19237,15479,7069,2057,181,52,106718,6389,7928,15036,14374,15562,18848,15673,8333,3726,711,138
2021,02,읍면동,경기도 성남시 중원구 금광1동 ,7007,425,454,950,1104,1036,1211,1091,482,197,26,31,3594,218,229,482,612,559,613,565,229,78,4,5,3413,207,225,468,492,477,598,526,253,119,22,26
2021,02,읍면동,경기도 성남시 중원구 금광2동 ,24844,1283,1936,3795,3461,3747,4323,3673,1831,681,99,15,12171,635,960,1832,1783,1914,2168,1758,843,255,21,2,12673,648,976,1963,1678,1833,2155,1915,988,426,78,13
2021,02,읍면동,경기도 성남시 중원구 도촌동,27835,2851,2833,3361,4306,4967,4210,3205,1427,562,111,2,13522,1474,1474,1692,2081,2438,1959,1520,669,195,19,1,14313,1377,1359,1669,2225,2529,2251,1685,758,367,92,1
2021,02,읍면동,경기도 성남시 중원구 상대원1동,25861,1658,1810,3491,4002,3985,4612,3776,1782,641,91,13,13355,865,925,1890,2217,2195,2329,1863,825,224,18,4,12506,793,885,1601,1785,1790,2283,1913,957,417,73,9
2021,02,읍면동,경기도 성남시 중원구 상대원2동,13738,528,957,1752,1621,1971,2888,2364,1160,411,72,14,7135,276,482,943,908,1089,1571,1180,545,124,13,4,6603,252,475,809,713,882,1317,1184,615,287,59,10
2021,02,읍면동,경기도 성남시 중원구 상대원3동,12533,558,881,1790,1564,1788,2532,2020,976,358,56,10,6555,280,487,965,914,982,1304,1040,462,110,9,2,5978,278,394,825,650,806,1228,980,514,248,47,8
2021,02,읍면동,경기도 성남시 중원구 성남동,34008,1572,1938,5888,5857,4813,5547,4726,2518,971,147,31,17591,777,991,2974,3368,2657,2845,2386,1182,368,35,8,16417,795,947,2914,2489,2156,2702,2340,1336,603,112,23
2021,02,읍면동,경기도 성남시 중원구 은행1동 ,10624,648,1016,1812,1367,1625,1769,1329,733,288,32,5,5182,346,489,881,687,815,875,645,341,97,5,1,5442,302,527,931,680,810,894,684,392,191,27,4
2021,02,읍면동,경기도 성남시 중원구 은행2동 ,24495,1284,1962,3635,3042,3671,4454,3485,2053,785,101,23,12200,684,1035,1936,1671,1834,2219,1657,838,295,24,7,12295,600,927,1699,1371,1837,2235,1828,1215,490,77,16
2021,02,읍면동,경기도 성남시 중원구 중앙동,14056,865,873,1555,1903,2196,2603,2339,1192,418,70,42,7450,458,464,846,989,1247,1471,1225,546,164,22,18,6606,407,409,709,914,949,1132,1114,646,254,48,24
2021,02,읍면동,경기도 성남시 중원구 하대원동 ,21127,1435,1767,3097,2889,3049,3936,3144,1248,471,87,4,10655,705,963,1649,1512,1556,1883,1640,589,147,11,0,10472,730,804,1448,1377,1493,2053,1504,659,324,76,4
2021,02,읍면동,경기도 송탄출장소 ,0,0,0,0,0,0,0,0,0,0,0,0,0,0,0,0,0,0,0,0,0,0,0,0,0,0,0,0,0,0,0,0,0,0,0,0
2021,02,시군,경기도 수원시 ,1186273,95749,117740,186260,177803,202518,196855,122853,56741,25385,4038,331,597254,49401,60900,98121,92406,102133,98229,60757,25360,8932,928,87,589019,46348,56840,88139,85397,100385,98626,62096,31381,16453,3110,244
2021,02,구,경기도 수원시 권선구 ,368157,32052,33260,54212,57652,61652,62085,40818,17509,7637,1183,97,185850,16511,17290,28342,30086,31924,30564,20185,8012,2649,258,29,182307,15541,15970,25870,27566,29728,31521,20633,9497,4988,925,68
2021,02,읍면동,경기도 수원시 권선구 곡선동,27472,1651,2242,5305,5264,4938,4623,2166,772,423,82,6,14786,864,1140,2836,3034,2778,2464,1167,340,145,16,2,12686,787,1102,2469,2230,2160,2159,999,432,278,66,4
2021,02,읍면동,경기도 수원시 권선구 구운동,24811,1431,2047,3907,3296,3706,4837,3380,1449,655,96,7,12508,710,1053,2062,1765,1923,2394,1676,691,211,21,2,12303,721,994,1845,1531,1783,2443,1704,758,444,75,5
2021,02,읍면동,경기도 수원시 권선구 권선1동 ,24957,1303,1718,5092,4503,3690,4190,2828,1097,467,66,3,12731,682,915,2559,2430,1915,2109,1441,506,158,14,2,12226,621,803,2533,2073,1775,2081,1387,591,309,52,1
2021,02,읍면동,경기도 수원시 권선구 권선2동 ,49406,5612,5441,6699,7860,9013,7940,4583,1504,635,112,7,24269,2926,2836,3481,3752,4364,3730,2236,706,216,19,3,25137,2686,2605,3218,4108,4649,4210,2347,798,419,93,4
2021,02,읍면동,경기도 수원시 권선구 금곡동,45743,4900,4957,6183,6565,8157,7669,4292,1945,927,147,1,22622,2498,2625,3197,3239,4064,3717,2097,832,315,38,0,23121,2402,2332,2986,3326,4093,3952,2195,1113,612,109,1
2021,02,읍면동,경기도 수원시 권선구 서둔동,38092,2394,3178,5813,5255,6064,6777,5082,2429,959,129,12,19356,1191,1675,3079,2891,3210,3383,2475,1093,329,26,4,18736,1203,1503,2734,2364,2854,3394,2607,1336,630,103,8
2021,02,읍면동,경기도 수원시 권선구 세류1동 ,10388,862,615,1475,1707,1490,1856,1344,686,289,52,12,5182,444,325,745,910,788,891,647,311,108,10,3,5206,418,290,730,797,702,965,697,375,181,42,9
2021,02,읍면동,경기도 수원시 권선구 세류2동 ,23671,1137,1587,3595,3562,3678,4283,3413,1618,683,103,12,12209,585,831,1913,2049,1972,2164,1635,752,271,33,4,11462,552,756,1682,1513,1706,2119,1778,866,412,70,8
2021,02,읍면동,경기도 수원시 권선구 세류3동 ,19293,940,1529,2723,2578,3062,3438,2851,1489,578,92,13,9720,441,805,1447,1432,1601,1688,1384,682,216,23,1,9573,499,724,1276,1146,1461,1750,1467,807,362,69,12
2021,02,읍면동,경기도 수원시 권선구 입북동,16810,1675,1806,2033,2246,3178,2891,1828,767,334,51,1,8525,869,932,1081,1141,1635,1443,925,368,116,15,0,8285,806,874,952,1105,1543,1448,903,399,218,36,1
2021,02,읍면동,경기도 수원시 권선구 평동 ,40986,3119,3540,6341,5754,6164,7547,5169,2176,990,169,17,20791,1626,1858,3438,3006,3158,3690,2617,1023,346,25,4,20195,1493,1682,2903,2748,3006,3857,2552,1153,644,144,13
2021,02,읍면동,경기도 수원시 권선구 호매실동 ,46528,7028,4600,5046,9062,8512,6034,3882,1577,697,84,6,23151,3675,2295,2504,4437,4516,2891,1885,708,218,18,4,23377,3353,2305,2542,4625,3996,3143,1997,869,479,66,2
2021,02,구,경기도 수원시 영통구 ,367986,36096,42155,58867,62490,68244,54917,27802,11440,5089,844,42,184595,18715,21658,30585,31669,33604,27486,13952,5047,1702,168,9,183391,17381,20497,28282,30821,34640,27431,13850,6393,3387,676,33
2021,02,읍면동,경기도 수원시 영통구 광교1동 ,52996,5564,6803,8416,9468,10680,7251,3071,1201,452,89,1,25951,2930,3388,3822,4489,5165,3801,1610,567,157,22,0,27045,2634,3415,4594,4979,5515,3450,1461,634,295,67,1
2021,02,읍면동,경기도 수원시 영통구 광교2동 ,29311,3444,3044,3205,5358,5629,4177,2725,1183,472,70,4,14173,1763,1552,1559,2573,2809,1959,1249,538,156,14,1,15138,1681,1492,1646,2785,2820,2218,1476,645,316,56,3
2021,02,읍면동,경기도 수원시 영통구 망포1동 ,31495,3467,4074,4517,4934,5829,5188,2250,839,334,61,2,15871,1813,2070,2452,2398,2849,2598,1211,361,108,11,0,15624,1654,2004,2065,2536,2980,2590,1039,478,226,50,2
2021,02,읍면동,경기도 수원시 영통구 망포2동 ,28259,4324,3248,3368,5647,5553,3697,1584,544,256,35,3,14126,2261,1675,1653,2727,2812,1856,802,251,81,8,0,14133,2063,1573,1715,2920,2741,1841,782,293,175,27,3
2021,02,읍면동,경기도 수원시 영통구 매탄1동 ,18167,1124,1880,3096,2387,2943,3304,2121,915,331,62,4,9143,565,971,1712,1266,1411,1649,1013,438,106,11,1,9024,559,909,1384,1121,1532,1655,1108,477,225,51,3
2021,02,읍면동,경기도 수원시 영통구 매탄2동 ,15107,894,1510,2481,1955,2407,2775,1816,844,352,66,7,7500,481,799,1237,1055,1190,1317,914,379,116,11,1,7607,413,711,1244,900,1217,1458,902,465,236,55,6
2021,02,읍면동,경기도 수원시 영통구 매탄3동 ,36263,2850,4392,6464,5507,6790,5642,2781,1177,577,79,4,18733,1477,2255,3576,3032,3393,2865,1411,534,178,12,0,17530,1373,2137,2888,2475,3397,2777,1370,643,399,67,4
2021,02,읍면동,경기도 수원시 영통구 매탄4동 ,22045,1355,2238,3793,3226,3726,3776,2381,993,478,76,3,10807,722,1137,2016,1678,1735,1805,1124,423,150,16,1,11238,633,1101,1777,1548,1991,1971,1257,570,328,60,2
2021,02,읍면동,경기도 수원시 영통구 영통1동 ,35736,3554,4828,4891,5424,7090,5772,2493,1048,551,78,7,17598,1830,2507,2496,2636,3373,2836,1274,415,209,19,3,18138,1724,2321,2395,2788,3717,2936,1219,633,342,59,4
2021,02,읍면동,경기도 수원시 영통구 영통2동 ,26573,2547,2174,5568,6754,4220,3168,1232,578,285,44,3,14078,1307,1125,3158,3784,2155,1595,623,218,102,10,1,12495,1240,1049,2410,2970,2065,1573,609,360,183,34,2
2021,02,읍면동,경기도 수원시 영통구 영통3동 ,32998,2593,4355,6575,4418,6089,5389,2235,811,449,83,1,16840,1307,2295,3549,2300,2883,2772,1222,342,157,13,0,16158,1286,2060,3026,2118,3206,2617,1013,469,292,70,1
2021,02,읍면동,경기도 수원시 영통구 원천동,39036,4380,3609,6493,7412,7288,4778,3113,1307,552,101,3,19775,2259,1884,3355,3731,3829,2433,1499,581,182,21,1,19261,2121,1725,3138,3681,3459,2345,1614,726,370,80,2
2021,02,구,경기도 수원시 장안구 ,272823,17934,28366,43782,32450,44986,49183,31294,15809,7646,1282,91,137348,9244,14789,23952,16956,22262,24627,15427,6989,2758,322,22,135475,8690,13577,19830,15494,22724,24556,15867,8820,4888,960,69
2021,02,읍면동,경기도 수원시 장안구 송죽동,19692,1125,1747,3019,2628,3067,3683,2574,1210,536,96,7,9763,570,948,1523,1374,1546,1794,1250,535,195,26,2,9929,555,799,1496,1254,1521,1889,1324,675,341,70,5
2021,02,읍면동,경기도 수원시 장안구 연무동,16283,709,1048,2625,1827,2140,2802,2635,1565,762,150,20,8381,369,548,1517,1069,1191,1445,1220,712,274,34,2,7902,340,500,1108,758,949,1357,1415,853,488,116,18
2021,02,읍면동,경기도 수원시 장안구 영화동,20304,847,1207,2691,2499,2913,3970,3543,1789,707,118,20,10370,443,621,1390,1409,1596,2013,1744,831,294,23,6,9934,404,586,1301,1090,1317,1957,1799,958,413,95,14
2021,02,읍면동,경기도 수원시 장안구 율천동,43000,3089,4103,10064,5784,6515,6778,3856,1743,914,143,11,22683,1579,2154,6167,3071,3253,3397,1945,751,318,44,4,20317,1510,1949,3897,2713,3262,3381,1911,992,596,99,7
2021,02,읍면동,경기도 수원시 장안구 정자1동 ,29701,2469,3517,4112,3447,5422,5280,3084,1493,743,125,9,14645,1264,1889,2195,1677,2588,2616,1478,651,259,25,3,15056,1205,1628,1917,1770,2834,2664,1606,842,484,100,6
2021,02,읍면동,경기도 수원시 장안구 정자2동 ,29990,1914,3149,4350,3660,5020,5435,3452,1990,881,134,5,14720,967,1620,2243,1898,2451,2692,1623,858,335,32,1,15270,947,1529,2107,1762,2569,2743,1829,1132,546,102,4
2021,02,읍면동,경기도 수원시 장안구 정자3동 ,42578,3592,6903,6245,4366,8912,7543,2856,1345,707,107,2,21289,1897,3562,3237,2119,4169,3948,1520,564,252,21,0,21289,1695,3341,3008,2247,4743,3595,1336,781,455,86,2
2021,02,읍면동,경기도 수원시 장안구 조원1동 ,28699,1468,2797,4325,3239,4440,5478,3823,1990,967,166,6,14440,765,1464,2289,1772,2248,2732,1896,895,328,51,0,14259,703,1333,2036,1467,2192,2746,1927,1095,639,115,6
2021,02,읍면동,경기도 수원시 장안구 조원2동 ,19057,1396,2055,2946,2023,2893,3838,2098,1021,657,127,3,9188,713,1025,1526,978,1331,1771,1093,459,250,40,2,9869,683,1030,1420,1045,1562,2067,1005,562,407,87,1
2021,02,읍면동,경기도 수원시 장안구 파장동,23519,1325,1840,3405,2977,3664,4376,3373,1663,772,116,8,11869,677,958,1865,1589,1889,2219,1658,733,253,26,2,11650,648,882,1540,1388,1775,2157,1715,930,519,90,6
2021,02,구,경기도 수원시 팔달구 ,177307,9667,13959,29399,25211,27636,30670,22939,11983,5013,729,101,89461,4931,7163,15242,13695,14343,15552,11193,5312,1823,180,27,87846,4736,6796,14157,11516,13293,15118,11746,6671,3190,549,74
2021,02,읍면동,경기도 수원시 팔달구 고등동,11617,699,817,1645,1671,1753,1955,1640,995,380,48,14,5986,384,409,854,952,969,1007,772,450,172,10,7,5631,315,408,791,719,784,948,868,545,208,38,7
2021,02,읍면동,경기도 수원시 팔달구 매교동,5949,239,309,890,921,851,1085,911,493,218,23,9,3146,121,164,486,499,494,604,457,229,78,9,5,2803,118,145,404,422,357,481,454,264,140,14,4
2021,02,읍면동,경기도 수원시 팔달구 매산동,10598,422,473,1829,1654,1440,1938,1616,825,338,57,6,5641,217,242,999,937,830,1039,839,386,128,21,3,4957,205,231,830,717,610,899,777,439,210,36,3
2021,02,읍면동,경기도 수원시 팔달구 우만1동 ,20445,890,1392,3273,2897,2987,3656,2970,1644,645,82,9,10190,468,726,1739,1638,1572,1792,1349,679,209,16,2,10255,422,666,1534,1259,1415,1864,1621,965,436,66,7
2021,02,읍면동,경기도 수원시 팔달구 우만2동 ,17154,1154,1795,3636,2189,2734,2702,1740,789,359,55,1,8604,566,988,1996,1143,1304,1310,834,325,127,11,0,8550,588,807,1640,1046,1430,1392,906,464,232,44,1
2021,02,읍면동,경기도 수원시 팔달구 인계동,39436,2145,2848,7989,7344,6400,5832,4084,1859,797,121,17,19928,1079,1445,3944,4053,3330,2932,2000,844,277,22,2,19508,1066,1403,4045,3291,3070,2900,2084,1015,520,99,15
2021,02,읍면동,경기도 수원시 팔달구 지동 ,11263,400,709,1344,1193,1624,2111,2072,1212,518,68,12,5737,212,376,741,665,899,1125,992,528,182,15,2,5526,188,333,603,528,725,986,1080,684,336,53,10
2021,02,읍면동,경기도 수원시 팔달구 행궁동,10905,268,471,1499,1308,1490,2124,2005,1159,475,92,14,5812,136,252,737,775,892,1227,1035,533,193,30,2,5093,132,219,762,533,598,897,970,626,282,62,12
2021,02,읍면동,경기도 수원시 팔달구 화서1동 ,23271,1481,2169,3191,2608,3868,4154,3221,1790,683,93,13,11286,729,1053,1618,1341,1914,2022,1540,786,257,24,2,11985,752,1116,1573,1267,1954,2132,1681,1004,426,69,11
2021,02,읍면동,경기도 수원시 팔달구 화서2동 ,26669,1969,2976,4103,3426,4489,5113,2680,1217,600,90,6,13131,1019,1508,2128,1692,2139,2494,1375,552,200,22,2,13538,950,1468,1975,1734,2350,2619,1305,665,400,68,4
2021,02,시군,경기도 시흥시 ,507681,49158,50504,70032,78618,91918,88422,48753,19708,9078,1388,102,265172,25031,25950,38037,42009,49441,46596,25886,8968,2947,278,29,242509,24127,24554,31995,36609,42477,41826,22867,10740,6131,1110,73
2021,02,읍면동,경기도 시흥시 과림동 ,1959,43,52,165,168,183,472,548,224,84,16,4,1197,25,29,102,111,130,299,330,131,33,5,2,762,18,23,63,57,53,173,218,93,51,11,2
2021,02,읍면동,경기도 시흥시 군자동 ,22051,1546,2204,2866,2688,3849,4078,2818,1308,600,83,11,11567,804,1148,1589,1513,2130,2137,1433,587,209,14,3,10484,742,1056,1277,1175,1719,1941,1385,721,391,69,8
2021,02,읍면동,경기도 시흥시 능곡동 ,22202,2200,2633,3080,3241,3925,3794,1923,875,451,79,1,11025,1133,1321,1517,1679,1898,1946,988,378,146,18,1,11177,1067,1312,1563,1562,2027,1848,935,497,305,61,0
2021,02,읍면동,경기도 시흥시 대야동 ,44723,3476,3574,6825,6947,6602,8624,5458,2034,1004,170,9,22685,1783,1840,3564,3634,3392,4270,2908,945,317,31,1,22038,1693,1734,3261,3313,3210,4354,2550,1089,687,139,8
2021,02,읍면동,경기도 시흥시 매화동 ,12116,687,1192,1648,1090,1948,2469,1672,888,452,66,4,6352,334,629,965,578,1024,1365,899,401,138,18,1,5764,353,563,683,512,924,1104,773,487,314,48,3
2021,02,읍면동,경기도 시흥시 목감동 ,42200,5888,3331,4222,8353,7432,5754,4490,1837,752,127,14,21373,2972,1706,2160,4165,4055,2887,2280,883,238,23,4,20827,2916,1625,2062,4188,3377,2867,2210,954,514,104,10
2021,02,읍면동,경기도 시흥시 배곧동 ,70977,10913,7961,9050,14585,14737,8573,3692,1029,374,62,1,36329,5536,3991,4737,7414,7809,4322,1923,464,124,9,0,34648,5377,3970,4313,7171,6928,4251,1769,565,250,53,1
2021,02,읍면동,경기도 시흥시 신천동 ,36288,1622,3248,5862,3902,5275,8144,5090,2084,922,117,22,18808,875,1692,3202,2172,2759,4185,2712,926,255,27,3,17480,747,1556,2660,1730,2516,3959,2378,1158,667,90,19
2021,02,읍면동,경기도 시흥시 신현동 ,9971,445,758,1393,961,1330,2213,1680,753,376,54,8,5222,222,397,773,547,684,1175,910,361,130,18,5,4749,223,361,620,414,646,1038,770,392,246,36,3
2021,02,읍면동,경기도 시흥시 연성동 ,23791,1707,2913,3682,2582,4223,4824,2160,1085,526,84,5,12111,874,1526,1935,1330,2079,2548,1139,467,198,13,2,11680,833,1387,1747,1252,2144,2276,1021,618,328,71,3
2021,02,읍면동,경기도 시흥시 월곶동 ,16022,1394,1489,1851,2351,3195,2707,1785,841,353,52,4,8355,688,789,992,1251,1750,1468,868,400,137,10,2,7667,706,700,859,1100,1445,1239,917,441,216,42,2
2021,02,읍면동,경기도 시흥시 은행동 ,55508,7354,5714,6642,9791,9671,8623,4929,1828,805,146,5,27757,3737,2902,3409,4828,4983,4279,2520,845,231,22,1,27751,3617,2812,3233,4963,4688,4344,2409,983,574,124,4
2021,02,읍면동,경기도 시흥시 장곡동 ,30707,3656,3977,3901,4612,6141,4991,2071,889,405,61,3,15511,1882,2059,1979,2245,3065,2654,1091,391,130,14,1,15196,1774,1918,1922,2367,3076,2337,980,498,275,47,2
2021,02,읍면동,경기도 시흥시 정왕1동,22522,1302,1911,3777,3373,4585,4327,2126,743,322,54,2,13270,642,988,2407,2128,2851,2603,1209,329,103,9,1,9252,660,923,1370,1245,1734,1724,917,414,219,45,1
2021,02,읍면동,경기도 시흥시 정왕2동,31981,2397,3566,5151,4330,6122,6193,2561,1032,563,63,3,17248,1210,1839,2958,2521,3374,3296,1407,434,190,19,0,14733,1187,1727,2193,1809,2748,2897,1154,598,373,44,3
2021,02,읍면동,경기도 시흥시 정왕3동,22938,1735,2133,3082,3161,4628,4545,2298,869,407,78,2,12927,889,1107,1765,1900,2805,2587,1321,401,143,8,1,10011,846,1026,1317,1261,1823,1958,977,468,264,70,1
2021,02,읍면동,경기도 시흥시 정왕4동,21375,1645,2728,3591,2423,3864,4321,1611,729,423,39,1,10596,842,1393,1854,1229,1819,2178,845,283,140,13,0,10779,803,1335,1737,1194,2045,2143,766,446,283,26,1
2021,02,읍면동,경기도 시흥시 정왕본동,20350,1148,1120,3244,4060,4208,3770,1841,660,259,37,3,12839,583,594,2129,2764,2834,2397,1103,342,85,7,1,7511,565,526,1115,1296,1374,1373,738,318,174,30,2
2021,02,시군,경기도 안산시 ,655700,44039,63492,106565,85640,107852,127981,73297,29911,14651,2137,135,336325,22436,32683,56751,46745,55174,65407,38377,13416,4840,463,33,319375,21603,30809,49814,38895,52678,62574,34920,16495,9811,1674,102
2021,02,구,경기도 안산시 단원구 ,302738,20598,29411,48207,41298,49967,58672,34329,13050,6258,885,63,156236,10539,15227,25615,22662,25748,30052,18151,5989,2055,182,16,146502,10059,14184,22592,18636,24219,28620,16178,7061,4203,703,47
2021,02,읍면동,경기도 안산시 단원구 고잔동,21839,1136,1898,4138,3168,3238,4094,2496,1090,524,55,2,10899,569,985,2045,1771,1602,2054,1248,457,161,7,0,10940,567,913,2093,1397,1636,2040,1248,633,363,48,2
2021,02,읍면동,경기도 안산시 단원구 대부동,8852,315,376,722,666,962,1930,2202,1058,535,80,6,4664,185,198,425,384,542,1000,1146,550,209,21,4,4188,130,178,297,282,420,930,1056,508,326,59,2
2021,02,읍면동,경기도 안산시 단원구 백운동,18436,1294,1773,2784,2455,2811,3713,2377,876,307,35,11,9359,655,914,1462,1309,1409,1833,1226,429,113,7,2,9077,639,859,1322,1146,1402,1880,1151,447,194,28,9
2021,02,읍면동,경기도 안산시 단원구 선부1동 ,17897,1297,1439,2694,2963,2769,3334,2180,782,388,50,1,9205,681,752,1470,1679,1456,1592,1130,323,113,8,1,8692,616,687,1224,1284,1313,1742,1050,459,275,42,0
2021,02,읍면동,경기도 안산시 단원구 선부2동 ,16428,887,1571,2454,1846,2827,3641,1989,790,374,46,3,8920,444,840,1345,1054,1569,2063,1086,385,118,15,1,7508,443,731,1109,792,1258,1578,903,405,256,31,2
2021,02,읍면동,경기도 안산시 단원구 선부3동 ,35174,2392,3562,5743,4900,6133,6834,3651,1238,643,73,5,18078,1225,1849,3084,2643,3116,3434,1991,514,211,10,1,17096,1167,1713,2659,2257,3017,3400,1660,724,432,63,4
2021,02,읍면동,경기도 안산시 단원구 신길동,22706,1607,2502,3101,2915,4042,4345,2674,978,465,73,4,12199,827,1282,1774,1679,2248,2318,1409,480,164,17,1,10507,780,1220,1327,1236,1794,2027,1265,498,301,56,3
2021,02,읍면동,경기도 안산시 단원구 와동 ,38924,2613,3904,6070,5085,7081,7561,3995,1696,802,110,7,20519,1335,2057,3345,2845,3808,4062,2093,715,236,23,0,18405,1278,1847,2725,2240,3273,3499,1902,981,566,87,7
2021,02,읍면동,경기도 안산시 단원구 원곡동,6261,293,322,467,628,1014,1600,1047,585,271,27,7,3593,146,171,281,380,613,1002,596,287,107,9,1,2668,147,151,186,248,401,598,451,298,164,18,6
2021,02,읍면동,경기도 안산시 단원구 중앙동,25169,1587,2149,5160,3869,3711,4523,2831,863,390,80,6,12537,818,1084,2578,2075,1795,2193,1450,418,112,12,2,12632,769,1065,2582,1794,1916,2330,1381,445,278,68,4
2021,02,읍면동,경기도 안산시 단원구 초지동,47011,3761,4749,7374,7272,8193,8185,4556,1862,909,143,7,24115,1935,2417,3949,4026,4209,4091,2346,821,292,27,2,22896,1826,2332,3425,3246,3984,4094,2210,1041,617,116,5
2021,02,읍면동,경기도 안산시 단원구 호수동,44041,3416,5166,7500,5531,7186,8912,4331,1232,650,113,4,22148,1719,2678,3857,2817,3381,4410,2430,610,219,26,1,21893,1697,2488,3643,2714,3805,4502,1901,622,431,87,3
2021,02,구,경기도 안산시 상록구 ,352962,23441,34081,58358,44342,57885,69309,38968,16861,8393,1252,72,180089,11897,17456,31136,24083,29426,35355,20226,7427,2785,281,17,172873,11544,16625,27222,20259,28459,33954,18742,9434,5608,971,55
2021,02,읍면동,경기도 안산시 상록구 반월동,17958,1093,1289,2206,2171,2629,3295,2999,1595,579,97,5,9040,539,667,1202,1174,1396,1618,1434,768,219,21,2,8918,554,622,1004,997,1233,1677,1565,827,360,76,3
2021,02,읍면동,경기도 안산시 상록구 본오1동 ,37945,2634,3968,5972,4579,6827,7361,3827,1803,870,104,0,19627,1366,2064,3170,2508,3518,3883,2023,776,300,19,0,18318,1268,1904,2802,2071,3309,3478,1804,1027,570,85,0
2021,02,읍면동,경기도 안산시 상록구 본오2동 ,26756,1522,2800,4392,2970,4411,5442,2979,1436,708,90,6,13300,778,1381,2270,1610,2139,2704,1551,603,243,20,1,13456,744,1419,2122,1360,2272,2738,1428,833,465,70,5
2021,02,읍면동,경기도 안산시 상록구 본오3동 ,20056,938,1722,3540,2423,3089,4237,2332,1123,581,71,0,10005,484,875,1822,1313,1532,2079,1188,474,216,22,0,10051,454,847,1718,1110,1557,2158,1144,649,365,49,0
2021,02,읍면동,경기도 안산시 상록구 부곡동,21901,1448,2089,3495,2421,3583,4669,2460,1087,587,58,4,11314,744,1033,1876,1359,1861,2470,1301,451,205,13,1,10587,704,1056,1619,1062,1722,2199,1159,636,382,45,3
2021,02,읍면동,경기도 안산시 상록구 사동 ,32883,1770,2839,6013,4546,5562,6298,2992,1540,1110,199,14,17250,918,1477,3303,2644,2974,3349,1565,631,330,55,4,15633,852,1362,2710,1902,2588,2949,1427,909,780,144,10
2021,02,읍면동,경기도 안산시 상록구 사이동,32929,2474,3615,5322,4199,5473,6372,3451,1283,646,89,5,16666,1268,1847,2830,2237,2730,3192,1772,558,213,19,0,16263,1206,1768,2492,1962,2743,3180,1679,725,433,70,5
2021,02,읍면동,경기도 안산시 상록구 성포동,26717,1697,2532,4719,3212,3592,5668,3474,1107,583,124,9,13094,892,1318,2470,1664,1613,2634,1775,508,178,37,5,13623,805,1214,2249,1548,1979,3034,1699,599,405,87,4
2021,02,읍면동,경기도 안산시 상록구 안산동,9083,470,764,1120,939,1340,1872,1541,683,296,52,6,4753,234,398,639,525,728,1022,780,323,94,9,1,4330,236,366,481,414,612,850,761,360,202,43,5
2021,02,읍면동,경기도 안산시 상록구 월피동,38590,2215,3740,7088,4385,5988,8198,4365,1617,868,117,9,19730,1138,1974,3858,2386,2957,4122,2318,704,251,21,1,18860,1077,1766,3230,1999,3031,4076,2047,913,617,96,8
2021,02,읍면동,경기도 안산시 상록구 이동 ,23965,1060,1574,4389,3743,3947,4510,2738,1317,593,85,9,12816,525,816,2319,2209,2223,2443,1441,605,220,13,2,11149,535,758,2070,1534,1724,2067,1297,712,373,72,7
2021,02,읍면동,경기도 안산시 상록구 일동 ,24915,1683,2447,3825,3029,4457,4673,2631,1441,627,97,5,12704,844,1211,1969,1657,2387,2466,1336,606,211,17,0,12211,839,1236,1856,1372,2070,2207,1295,835,416,80,5
2021,02,읍면동,경기도 안산시 상록구 해양동,39264,4437,4702,6277,5725,6987,6714,3179,829,345,69,0,19790,2167,2395,3408,2797,3368,3373,1742,420,105,15,0,19474,2270,2307,2869,2928,3619,3341,1437,409,240,54,0
2021,02,시군,경기도 안성시 ,187488,13872,17885,22661,22946,30275,31530,25815,13743,7661,1044,56,96622,7122,9300,12479,12560,16162,16709,13039,6290,2738,212,11,90866,6750,8585,10182,10386,14113,14821,12776,7453,4923,832,45
2021,02,읍면동,경기도 안성시 고삼면 ,1953,43,88,191,143,178,383,472,251,176,26,2,1012,20,53,100,86,105,205,245,122,71,5,0,941,23,35,91,57,73,178,227,129,105,21,2
2021,02,읍면동,경기도 안성시 공도읍 ,59658,5884,7553,6983,8365,12095,8873,5466,2923,1345,165,6,30082,2965,3910,3720,4367,6176,4610,2565,1290,443,35,1,29576,2919,3643,3263,3998,5919,4263,2901,1633,902,130,5
2021,02,읍면동,경기도 안성시 금광면 ,7424,400,629,729,661,1024,1339,1399,698,468,74,3,3730,214,319,401,354,555,696,708,298,173,11,1,3694,186,310,328,307,469,643,691,400,295,63,2
2021,02,읍면동,경기도 안성시 대덕면 ,15315,1371,1121,2010,2579,2546,2360,1888,911,465,61,3,8576,738,582,1146,1536,1558,1374,999,455,179,9,0,6739,633,539,864,1043,988,986,889,456,286,52,3
2021,02,읍면동,경기도 안성시 미양면 ,5892,232,273,540,557,724,1105,1252,686,461,58,4,3206,119,147,338,350,451,608,687,333,160,12,1,2686,113,126,202,207,273,497,565,353,301,46,3
2021,02,읍면동,경기도 안성시 보개면 ,5361,165,295,499,401,550,1036,1175,709,453,74,4,2834,90,173,287,252,327,567,643,320,160,15,0,2527,75,122,212,149,223,469,532,389,293,59,4
2021,02,읍면동,경기도 안성시 삼죽면 ,3500,82,199,398,275,353,646,758,467,296,25,1,1823,45,91,211,182,205,352,397,226,112,2,0,1677,37,108,187,93,148,294,361,241,184,23,1
2021,02,읍면동,경기도 안성시 서운면 ,3357,85,142,278,249,341,680,758,465,322,35,2,1767,47,78,177,146,202,383,390,216,118,9,1,1590,38,64,101,103,139,297,368,249,204,26,1
2021,02,읍면동,경기도 안성시 안성1동,12483,697,1043,1608,1326,1764,2248,1988,1121,591,88,9,6261,335,536,869,715,930,1140,969,514,235,16,2,6222,362,507,739,611,834,1108,1019,607,356,72,7
2021,02,읍면동,경기도 안성시 안성2동,24028,2103,2582,3560,3211,4063,3876,2693,1250,609,79,2,12153,1090,1353,1892,1678,2085,1973,1332,536,190,23,1,11875,1013,1229,1668,1533,1978,1903,1361,714,419,56,1
2021,02,읍면동,경기도 안성시 안성3동,22538,1774,2534,3267,2754,3580,3957,2600,1321,659,89,3,11319,915,1320,1820,1415,1756,1994,1274,570,234,21,0,11219,859,1214,1447,1339,1824,1963,1326,751,425,68,3
2021,02,읍면동,경기도 안성시 양성면 ,5285,146,283,469,408,554,1034,1195,648,453,91,4,2771,75,133,281,239,332,584,639,309,164,15,0,2514,71,150,188,169,222,450,556,339,289,76,4
2021,02,읍면동,경기도 안성시 원곡면 ,6292,388,350,775,879,911,1186,1008,488,266,38,3,3520,226,182,477,541,553,646,556,233,91,14,1,2772,162,168,298,338,358,540,452,255,175,24,2
2021,02,읍면동,경기도 안성시 일죽면 ,7582,289,439,661,603,844,1384,1700,988,583,86,5,3949,141,241,369,368,493,755,862,489,214,15,2,3633,148,198,292,235,351,629,838,499,369,71,3
2021,02,읍면동,경기도 안성시 죽산면 ,6820,213,354,693,535,748,1423,1463,817,514,55,5,3619,102,182,391,331,434,822,773,379,194,10,1,3201,111,172,302,204,314,601,690,438,320,45,4
2021,02,시군,경기도 안양시 ,550939,39128,52215,77167,76765,87725,97391,72021,31858,14249,2231,189,272392,19900,27103,40014,39473,42994,47269,35531,14637,4885,531,55,278547,19228,25112,37153,37292,44731,50122,36490,17221,9364,1700,134
2021,02,구,경기도 안양시 동안구 ,312808,23960,33581,43059,44133,52857,54257,37089,15338,7213,1224,97,153201,12225,17387,22191,22193,25151,26107,18322,6927,2374,300,24,159607,11735,16194,20868,21940,27706,28150,18767,8411,4839,924,73
2021,02,읍면동,경기도 안양시 동안구 갈산동,11170,747,1534,1508,1068,1948,1956,1395,639,308,63,4,5452,362,784,791,547,901,943,686,310,112,15,1,5718,385,750,717,521,1047,1013,709,329,196,48,3
2021,02,읍면동,경기도 안양시 동안구 관양1동 ,36738,2044,2933,5865,4813,5014,7048,5335,2451,1053,170,12,18012,1067,1543,3125,2546,2433,3291,2544,1081,334,46,2,18726,977,1390,2740,2267,2581,3757,2791,1370,719,124,10
2021,02,읍면동,경기도 안양시 동안구 관양2동 ,19291,1225,1444,2959,3006,2989,3512,2406,1149,515,79,7,9790,618,708,1594,1654,1509,1756,1208,534,189,20,0,9501,607,736,1365,1352,1480,1756,1198,615,326,59,7
2021,02,읍면동,경기도 안양시 동안구 귀인동,16717,1393,3419,1849,1238,3983,2629,1282,574,306,43,1,8244,765,1785,933,530,1808,1389,662,248,111,13,0,8473,628,1634,916,708,2175,1240,620,326,195,30,1
2021,02,읍면동,경기도 안양시 동안구 달안동,10989,682,718,1484,2281,1809,1684,1316,601,351,61,2,4997,341,371,708,1149,814,740,562,207,93,12,0,5992,341,347,776,1132,995,944,754,394,258,49,2
2021,02,읍면동,경기도 안양시 동안구 범계동,15264,1136,2278,1956,1845,2952,2500,1447,681,382,86,1,7304,563,1188,969,849,1343,1220,734,288,124,26,0,7960,573,1090,987,996,1609,1280,713,393,258,60,1
2021,02,읍면동,경기도 안양시 동안구 부림동,27227,2270,2405,3606,5781,5060,4000,2477,1025,539,62,2,13172,1121,1237,1754,2979,2447,1851,1191,398,179,14,1,14055,1149,1168,1852,2802,2613,2149,1286,627,360,48,1
2021,02,읍면동,경기도 안양시 동안구 부흥동,17468,1414,2228,2107,2199,3271,2762,2052,919,446,68,2,8388,745,1177,1075,1040,1504,1345,964,395,128,14,1,9080,669,1051,1032,1159,1767,1417,1088,524,318,54,1
2021,02,읍면동,경기도 안양시 동안구 비산1동 ,21507,1765,2192,2914,2767,3480,3878,2866,1086,453,87,19,10479,933,1147,1446,1332,1658,1836,1423,504,174,25,1,11028,832,1045,1468,1435,1822,2042,1443,582,279,62,18
2021,02,읍면동,경기도 안양시 동안구 비산2동 ,11021,779,1075,1602,1377,1666,2119,1480,638,228,47,10,5333,388,544,818,680,790,987,742,302,70,8,4,5688,391,531,784,697,876,1132,738,336,158,39,6
2021,02,읍면동,경기도 안양시 동안구 비산3동 ,18238,912,1353,2776,2357,2316,3698,2922,1200,583,113,8,9003,456,731,1478,1247,1140,1744,1437,559,178,30,3,9235,456,622,1298,1110,1176,1954,1485,641,405,83,5
2021,02,읍면동,경기도 안양시 동안구 신촌동,13181,945,1616,1872,1596,2157,2444,1637,615,251,48,0,6508,465,850,961,822,988,1179,845,302,85,11,0,6673,480,766,911,774,1169,1265,792,313,166,37,0
2021,02,읍면동,경기도 안양시 동안구 평안동,23900,2430,3749,2552,3214,5303,3443,1915,777,433,80,4,11642,1242,1939,1336,1485,2472,1735,968,322,120,20,3,12258,1188,1810,1216,1729,2831,1708,947,455,313,60,1
2021,02,읍면동,경기도 안양시 동안구 평촌동,14917,1344,1666,2145,1869,2476,2941,1514,570,350,36,6,7320,686,853,1115,880,1153,1451,768,275,128,10,1,7597,658,813,1030,989,1323,1490,746,295,222,26,5
2021,02,읍면동,경기도 안양시 동안구 호계1동 ,13142,1825,1251,1444,2766,2367,1750,1115,419,161,39,5,6679,937,664,732,1381,1236,892,554,221,55,6,1,6463,888,587,712,1385,1131,858,561,198,106,33,4
2021,02,읍면동,경기도 안양시 동안구 호계2동 ,20134,1434,1662,3194,3009,2812,3710,2834,994,413,66,6,9887,715,851,1644,1570,1336,1751,1403,459,144,12,2,10247,719,811,1550,1439,1476,1959,1431,535,269,54,4
2021,02,읍면동,경기도 안양시 동안구 호계3동 ,21904,1615,2058,3226,2947,3254,4183,3096,1000,441,76,8,10991,821,1015,1712,1502,1619,1997,1631,522,150,18,4,10913,794,1043,1514,1445,1635,2186,1465,478,291,58,4
2021,02,구,경기도 안양시 만안구 ,238131,15168,18634,34108,32632,34868,43134,34932,16520,7036,1007,92,119191,7675,9716,17823,17280,17843,21162,17209,7710,2511,231,31,118940,7493,8918,16285,15352,17025,21972,17723,8810,4525,776,61
2021,02,읍면동,경기도 안양시 만안구 박달1동 ,15266,676,1147,2141,1678,2191,3092,2429,1307,530,68,7,7688,317,603,1111,932,1134,1615,1191,591,177,14,3,7578,359,544,1030,746,1057,1477,1238,716,353,54,4
2021,02,읍면동,경기도 안양시 만안구 박달2동 ,22705,2017,2325,3223,3409,3468,3827,2848,1055,454,77,2,11339,1041,1214,1725,1753,1711,1768,1439,514,158,15,1,11366,976,1111,1498,1656,1757,2059,1409,541,296,62,1
2021,02,읍면동,경기도 안양시 만안구 석수1동 ,19751,1418,1506,2554,2678,2953,3500,3018,1387,613,117,7,9703,764,796,1324,1337,1430,1626,1493,695,206,28,4,10048,654,710,1230,1341,1523,1874,1525,692,407,89,3
2021,02,읍면동,경기도 안양시 만안구 석수2동 ,32427,2186,2617,4615,4166,4817,6141,4547,2226,967,137,8,16232,1104,1405,2419,2115,2465,3038,2274,1031,352,28,1,16195,1082,1212,2196,2051,2352,3103,2273,1195,615,109,7
2021,02,읍면동,경기도 안양시 만안구 석수3동 ,13601,922,1333,1952,1530,2092,2551,1937,844,389,50,1,6815,445,715,1067,784,1050,1268,976,383,120,7,0,6786,477,618,885,746,1042,1283,961,461,269,43,1
2021,02,읍면동,경기도 안양시 만안구 안양1동 ,12630,910,1081,1939,1879,1979,2186,1583,738,282,52,1,6283,444,553,973,969,991,1106,774,346,115,12,0,6347,466,528,966,910,988,1080,809,392,167,40,1
2021,02,읍면동,경기도 안양시 만안구 안양2동 ,21765,1146,1513,3473,2935,3045,3999,3293,1617,643,90,11,10903,553,790,1719,1603,1587,1946,1671,775,237,18,4,10862,593,723,1754,1332,1458,2053,1622,842,406,72,7
2021,02,읍면동,경기도 안양시 만안구 안양3동 ,16765,830,1310,2455,2193,2332,3079,2733,1280,487,58,8,8372,440,679,1320,1188,1199,1476,1306,577,171,14,2,8393,390,631,1135,1005,1133,1603,1427,703,316,44,6
2021,02,읍면동,경기도 안양시 만안구 안양4동 ,7247,265,494,1077,935,980,1344,1077,676,349,50,0,3619,133,240,529,520,533,699,526,286,129,24,0,3628,132,254,548,415,447,645,551,390,220,26,0
2021,02,읍면동,경기도 안양시 만안구 안양5동 ,10602,477,721,1420,1348,1471,1932,1801,918,457,52,5,5294,248,385,760,720,752,984,866,407,159,11,2,5308,229,336,660,628,719,948,935,511,298,41,3
2021,02,읍면동,경기도 안양시 만안구 안양6동 ,21109,1150,1320,3213,3513,3173,3575,3033,1410,633,74,15,10876,593,670,1697,1972,1704,1818,1469,692,226,30,5,10233,557,650,1516,1541,1469,1757,1564,718,407,44,10
2021,02,읍면동,경기도 안양시 만안구 안양7동 ,15706,1719,1294,1987,2709,2587,2583,1757,741,263,57,9,7716,848,653,1011,1303,1316,1279,848,347,96,12,3,7990,871,641,976,1406,1271,1304,909,394,167,45,6
2021,02,읍면동,경기도 안양시 만안구 안양8동 ,10999,470,711,1601,1519,1478,2018,1927,880,340,49,6,5672,242,372,871,906,804,988,940,412,131,5,1,5327,228,339,730,613,674,1030,987,468,209,44,5
2021,02,읍면동,경기도 안양시 만안구 안양9동 ,17558,982,1262,2458,2140,2302,3307,2949,1441,629,76,12,8679,503,641,1297,1178,1167,1551,1436,654,234,13,5,8879,479,621,1161,962,1135,1756,1513,787,395,63,7
2021,02,읍면동,경기도 안중출장소 ,0,0,0,0,0,0,0,0,0,0,0,0,0,0,0,0,0,0,0,0,0,0,0,0,0,0,0,0,0,0,0,0,0,0,0,0
2021,02,시군,경기도 양주시 ,233072,20200,24332,27584,28411,39870,38525,29377,16347,7299,1066,61,118218,10287,12365,14809,14670,20498,20219,14763,7567,2785,243,12,114854,9913,11967,12775,13741,19372,18306,14614,8780,4514,823,49
2021,02,읍면동,경기도 양주시 광적면 ,11948,617,858,1286,1141,1701,2472,2187,1072,533,78,3,6437,309,459,746,645,966,1375,1190,515,210,22,0,5511,308,399,540,496,735,1097,997,557,323,56,3
2021,02,읍면동,경기도 양주시 남면,6950,376,395,800,776,815,1231,1407,704,369,73,4,3884,178,205,514,473,486,731,793,351,137,14,2,3066,198,190,286,303,329,500,614,353,232,59,2
2021,02,읍면동,경기도 양주시 백석읍 ,26345,1353,2537,3258,2305,3893,5201,4265,2262,1113,151,7,13320,667,1295,1793,1250,1974,2715,2163,1035,402,26,0,13025,686,1242,1465,1055,1919,2486,2102,1227,711,125,7
2021,02,읍면동,경기도 양주시 양주1동,5353,198,268,587,444,630,1063,1104,671,335,49,4,2815,102,146,325,251,353,562,619,311,137,8,1,2538,96,122,262,193,277,501,485,360,198,41,3
2021,02,읍면동,경기도 양주시 양주2동,50008,4781,6962,5421,5359,10143,7425,5108,3358,1278,166,7,24447,2404,3497,2760,2586,4998,3872,2270,1517,500,43,0,25561,2377,3465,2661,2773,5145,3553,2838,1841,778,123,7
2021,02,읍면동,경기도 양주시 은현면 ,5934,146,313,659,456,666,1269,1362,675,324,61,3,3374,73,170,401,289,419,775,765,347,120,15,0,2560,73,143,258,167,247,494,597,328,204,46,3
2021,02,읍면동,경기도 양주시 장흥면 ,10443,487,530,1099,1083,1136,1811,2207,1293,644,146,7,5346,258,294,660,601,609,897,1094,642,255,33,3,5097,229,236,439,482,527,914,1113,651,389,113,4
2021,02,읍면동,경기도 양주시 회천1동,9742,634,756,1549,1175,1365,1783,1359,726,337,46,12,5137,314,390,896,642,736,974,698,338,135,12,2,4605,320,366,653,533,629,809,661,388,202,34,10
2021,02,읍면동,경기도 양주시 회천2동,27136,1933,2655,3477,2877,4338,5431,3696,1863,769,93,4,13784,1001,1382,1833,1532,2235,2795,1883,816,286,21,0,13352,932,1273,1644,1345,2103,2636,1813,1047,483,72,4
2021,02,읍면동,경기도 양주시 회천3동,27482,2254,3460,3902,2999,5026,4664,2527,1654,890,101,5,13617,1164,1768,2040,1498,2475,2395,1231,667,344,31,4,13865,1090,1692,1862,1501,2551,2269,1296,987,546,70,1
2021,02,읍면동,경기도 양주시 회천4동,51731,7421,5598,5546,9796,10157,6175,4155,2069,707,102,5,26057,3817,2759,2841,4903,5247,3128,2057,1028,259,18,0,25674,3604,2839,2705,4893,4910,3047,2098,1041,448,84,5
2021,02,읍면동,경기도 양평군 ,119371,7243,9725,10578,10811,16346,20816,23228,13153,6389,1013,69,59846,3697,5124,5867,5465,8276,10705,11550,6451,2464,232,15,59525,3546,4601,4711,5346,8070,10111,11678,6702,3925,781,54
2021,02,읍면동,경기도 양평군 강상면 ,10457,917,937,846,1190,1695,1648,1797,950,416,58,3,5182,463,487,444,565,852,827,874,496,160,14,0,5275,454,450,402,625,843,821,923,454,256,44,3
2021,02,읍면동,경기도 양평군 강하면 ,4774,179,239,347,368,511,882,1250,707,241,49,1,2408,98,141,200,192,255,444,598,375,96,8,1,2366,81,98,147,176,256,438,652,332,145,41,0
2021,02,읍면동,경기도 양평군 개군면 ,5175,239,332,402,372,602,890,1219,723,348,46,2,2617,114,183,222,198,323,469,611,354,134,8,1,2558,125,149,180,174,279,421,608,369,214,38,1
2021,02,읍면동,경기도 양평군 단월면 ,3874,125,226,248,284,433,673,965,564,313,43,0,1968,62,116,140,163,229,361,494,275,121,7,0,1906,63,110,108,121,204,312,471,289,192,36,0
2021,02,읍면동,경기도 양평군 서종면 ,9752,626,851,603,834,1492,1720,2082,1043,417,78,6,4840,300,456,335,390,748,859,1012,554,166,19,1,4912,326,395,268,444,744,861,1070,489,251,59,5
2021,02,읍면동,경기도 양평군 양동면 ,4606,142,193,279,299,379,906,1167,709,442,82,8,2287,84,100,160,159,205,476,575,334,174,19,1,2319,58,93,119,140,174,430,592,375,268,63,7
2021,02,읍면동,경기도 양평군 양서면 ,13621,732,1033,1213,1215,1814,2424,2745,1627,697,110,11,6781,374,535,649,617,923,1227,1322,797,309,22,6,6840,358,498,564,598,891,1197,1423,830,388,88,5
2021,02,읍면동,경기도 양평군 양평읍 ,30811,2193,3305,3554,3204,4837,5389,4522,2442,1185,164,16,15427,1131,1707,1960,1621,2316,2788,2258,1178,424,42,2,15384,1062,1598,1594,1583,2521,2601,2264,1264,761,122,14
2021,02,읍면동,경기도 양평군 옥천면 ,7981,477,568,730,766,1067,1388,1664,873,388,56,4,4029,224,304,429,399,561,699,834,426,137,16,0,3952,253,264,301,367,506,689,830,447,251,40,4
2021,02,읍면동,경기도 양평군 용문면 ,17680,1270,1501,1648,1667,2475,2948,3117,1901,971,174,8,8875,649,788,918,842,1274,1533,1554,900,378,38,1,8805,621,713,730,825,1201,1415,1563,1001,593,136,7
2021,02,읍면동,경기도 양평군 지평면 ,6876,229,383,478,419,684,1273,1708,1001,591,106,4,3510,135,217,283,216,379,664,915,466,204,30,1,3366,94,166,195,203,305,609,793,535,387,76,3
2021,02,읍면동,경기도 양평군 청운면 ,3764,114,157,230,193,357,675,992,613,380,47,6,1922,63,90,127,103,211,358,503,296,161,9,1,1842,51,67,103,90,146,317,489,317,219,38,5
2021,02,시군,경기도 여주시 ,112129,7327,9511,12223,11454,15999,20159,18897,10268,5381,854,56,56938,3765,4901,6701,6038,8260,10563,9620,4877,1997,199,17,55191,3562,4610,5522,5416,7739,9596,9277,5391,3384,655,39
2021,02,읍면동,경기도 여주시 가남읍 ,15587,1009,1274,1673,1798,2247,2799,2580,1363,721,112,11,8046,492,656,930,1014,1192,1503,1302,658,262,32,5,7541,517,618,743,784,1055,1296,1278,705,459,80,6
2021,02,읍면동,경기도 여주시 강천면 ,4206,139,271,345,295,471,869,900,561,286,67,2,2179,73,140,205,156,257,484,453,285,113,12,1,2027,66,131,140,139,214,385,447,276,173,55,1
2021,02,읍면동,경기도 여주시 금사면 ,2986,87,138,228,187,268,584,764,463,224,42,1,1550,42,62,151,101,152,316,401,229,89,7,0,1436,45,76,77,86,116,268,363,234,135,35,1
2021,02,읍면동,경기도 여주시 능서면 ,6379,284,439,554,487,690,1126,1383,837,494,84,1,3275,127,225,314,254,411,619,726,413,168,17,1,3104,157,214,240,233,279,507,657,424,326,67,0
2021,02,읍면동,경기도 여주시 대신면 ,7030,214,408,614,444,683,1311,1637,988,629,97,5,3655,106,232,377,256,368,707,872,456,248,31,2,3375,108,176,237,188,315,604,765,532,381,66,3
2021,02,읍면동,경기도 여주시 북내면 ,4930,158,353,416,311,577,1010,1025,614,404,56,6,2557,84,206,227,170,305,584,542,274,146,18,1,2373,74,147,189,141,272,426,483,340,258,38,5
2021,02,읍면동,경기도 여주시 산북면 ,2546,118,144,197,177,278,449,596,366,190,29,2,1281,56,67,112,100,151,235,296,173,81,9,1,1265,62,77,85,77,127,214,300,193,109,20,1
2021,02,읍면동,경기도 여주시 여흥동 ,21831,1522,1964,2814,2456,3518,3878,3246,1583,727,113,10,10908,782,1018,1492,1265,1770,1934,1621,731,268,23,4,10923,740,946,1322,1191,1748,1944,1625,852,459,90,6
2021,02,읍면동,경기도 여주시 오학동 ,18363,2066,1804,2116,2658,3223,3011,2045,954,424,56,6,9130,1086,890,1117,1319,1613,1471,1026,449,150,8,1,9233,980,914,999,1339,1610,1540,1019,505,274,48,5
2021,02,읍면동,경기도 여주시 점동면 ,4655,192,257,447,293,405,870,1079,664,390,55,3,2411,107,142,264,162,227,471,546,341,136,14,1,2244,85,115,183,131,178,399,533,323,254,41,2
2021,02,읍면동,경기도 여주시 중앙동 ,18508,1366,2178,2412,1985,3113,3306,2415,1147,508,72,6,9280,717,1102,1283,1032,1532,1714,1197,508,183,12,0,9228,649,1076,1129,953,1581,1592,1218,639,325,60,6
2021,02,읍면동,경기도 여주시 흥천면 ,5108,172,281,407,363,526,946,1227,728,384,71,3,2666,93,161,229,209,282,525,638,360,153,16,0,2442,79,120,178,154,244,421,589,368,231,55,3
2021,02,읍면동,경기도 연천군 ,43368,2679,3157,5321,4225,4932,7068,7650,5034,2844,412,46,22707,1373,1668,3382,2398,2706,3793,3953,2283,1023,111,17,20661,1306,1489,1939,1827,2226,3275,3697,2751,1821,301,29
2021,02,읍면동,경기도 연천군 군남면 ,3192,90,171,326,193,291,573,705,498,311,30,4,1700,48,92,227,114,176,309,389,223,111,9,2,1492,42,79,99,79,115,264,316,275,200,21,2
2021,02,읍면동,경기도 연천군 미산면 ,1775,51,68,141,125,139,330,476,261,160,22,2,945,29,38,88,71,84,174,270,117,66,7,1,830,22,30,53,54,55,156,206,144,94,15,1
2021,02,읍면동,경기도 연천군 백학면 ,2638,80,147,240,173,245,502,576,422,234,16,3,1415,39,86,150,106,142,279,305,202,100,5,1,1223,41,61,90,67,103,223,271,220,134,11,2
2021,02,읍면동,경기도 연천군 신서면 ,2754,60,108,329,145,237,420,654,505,259,35,2,1477,30,49,259,87,150,237,329,239,88,8,1,1277,30,59,70,58,87,183,325,266,171,27,1
2021,02,읍면동,경기도 연천군 연천읍 ,7834,681,447,1225,1026,800,1054,1134,868,512,83,4,4254,342,246,854,614,454,591,569,374,182,28,0,3580,339,201,371,412,346,463,565,494,330,55,4
2021,02,읍면동,경기도 연천군 왕징면 ,1021,23,50,77,66,79,158,238,220,98,11,1,547,13,32,49,38,53,89,126,104,41,1,1,474,10,18,28,28,26,69,112,116,57,10,0
2021,02,읍면동,경기도 연천군 장남면 ,720,21,35,57,39,58,132,169,127,70,12,0,364,14,18,35,20,41,63,86,60,27,0,0,356,7,17,22,19,17,69,83,67,43,12,0
2021,02,읍면동,경기도 연천군 전곡읍 ,19299,1539,1934,2420,2183,2662,3175,2788,1551,869,156,22,9796,799,991,1353,1177,1357,1658,1410,710,290,41,10,9503,740,943,1067,1006,1305,1517,1378,841,579,115,12
2021,02,읍면동,경기도 연천군 중면,202,8,10,46,13,19,32,34,26,12,1,1,119,4,4,40,8,9,18,18,14,4,0,0,83,4,6,6,5,10,14,16,12,8,1,1
2021,02,읍면동,경기도 연천군 청산면 ,3933,126,187,460,262,402,692,876,556,319,46,7,2090,55,112,327,163,240,375,451,240,114,12,1,1843,71,75,133,99,162,317,425,316,205,34,6
2021,02,시군,경기도 오산시 ,230522,23409,24925,31492,38663,43589,33536,20404,9867,4082,515,40,119237,11903,12712,17014,20896,23139,17518,10081,4364,1494,104,12,111285,11506,12213,14478,17767,20450,16018,10323,5503,2588,411,28
2021,02,읍면동,경기도 오산시 남촌동 ,20329,904,1181,3807,4905,3776,2851,1732,819,317,32,5,11970,446,594,2139,3164,2356,1800,947,387,129,6,2,8359,458,587,1668,1741,1420,1051,785,432,188,26,3
2021,02,읍면동,경기도 오산시 대원동 ,64682,6118,7223,9735,10036,12101,9960,5506,2727,1117,151,8,33585,3115,3788,5351,5399,6347,5205,2730,1174,437,38,1,31097,3003,3435,4384,4637,5754,4755,2776,1553,680,113,7
2021,02,읍면동,경기도 오산시 세마동 ,32033,3996,3326,4065,5991,6098,4268,2679,1107,425,73,5,16364,2002,1691,2144,3125,3191,2154,1348,544,156,8,1,15669,1994,1635,1921,2866,2907,2114,1331,563,269,65,4
2021,02,읍면동,경기도 오산시 신장동 ,61141,7036,7012,7145,9893,11688,8505,5728,2819,1159,145,11,30871,3579,3551,3790,5114,6174,4278,2726,1240,383,33,3,30270,3457,3461,3355,4779,5514,4227,3002,1579,776,112,8
2021,02,읍면동,경기도 오산시 중앙동 ,36045,3969,4220,4476,5484,6803,5421,3250,1620,716,80,6,18070,2038,2069,2355,2804,3470,2772,1590,687,271,12,2,17975,1931,2151,2121,2680,3333,2649,1660,933,445,68,4
2021,02,읍면동,경기도 오산시 초평동 ,16292,1386,1963,2264,2354,3123,2531,1509,775,348,34,5,8377,723,1019,1235,1290,1601,1309,740,332,118,7,3,7915,663,944,1029,1064,1522,1222,769,443,230,27,2
2021,02,시군,경기도 용인시 ,1075918,99798,120875,137900,144241,199996,166394,107954,65935,28355,4255,215,533604,51035,61966,71467,71184,98769,84613,51585,29982,11821,1140,42,542314,48763,58909,66433,73057,101227,81781,56369,35953,16534,3115,173
2021,02,구,경기도 용인시 기흥구 ,440649,42091,50693,56956,58769,83696,67233,41696,26386,11352,1704,73,217511,21592,26006,29510,28755,41021,33944,19513,11863,4806,483,18,223138,20499,24687,27446,30014,42675,33289,22183,14523,6546,1221,55
2021,02,읍면동,경기도 용인시 기흥구 구갈동,41963,4287,3358,6670,7767,7093,6542,3587,1871,671,110,7,20910,2197,1704,3259,3897,3637,3300,1745,879,267,24,1,21053,2090,1654,3411,3870,3456,3242,1842,992,404,86,6
2021,02,읍면동,경기도 용인시 기흥구 구성동,39361,3300,4816,4333,4153,7747,5901,4339,3204,1357,204,7,19031,1704,2484,2244,2003,3740,2879,1929,1390,614,43,1,20330,1596,2332,2089,2150,4007,3022,2410,1814,743,161,6
2021,02,읍면동,경기도 용인시 기흥구 기흥동,21499,1818,2189,2527,2756,3819,3540,2708,1460,589,89,4,10649,918,1136,1345,1380,1923,1731,1260,690,252,13,1,10850,900,1053,1182,1376,1896,1809,1448,770,337,76,3
2021,02,읍면동,경기도 용인시 기흥구 동백1동 ,32964,3408,5718,3559,3351,7881,4711,2126,1497,622,89,2,15832,1683,2888,1784,1484,3733,2473,925,592,240,30,0,17132,1725,2830,1775,1867,4148,2238,1201,905,382,59,2
2021,02,읍면동,경기도 용인시 기흥구 동백2동 ,27303,2641,4699,3200,2351,6288,4306,1984,1196,550,84,4,13410,1370,2428,1651,1002,2895,2327,938,544,232,21,2,13893,1271,2271,1549,1349,3393,1979,1046,652,318,63,2
2021,02,읍면동,경기도 용인시 기흥구 동백3동 ,23496,2961,2963,2217,3108,4897,2728,2039,1714,777,90,2,11430,1547,1516,1094,1432,2415,1387,863,770,369,35,2,12066,1414,1447,1123,1676,2482,1341,1176,944,408,55,0
2021,02,읍면동,경기도 용인시 기흥구 마북동,32279,2653,3073,4091,4038,5410,5103,3736,2799,1198,172,6,15772,1391,1582,2102,1975,2620,2483,1739,1268,550,60,2,16507,1262,1491,1989,2063,2790,2620,1997,1531,648,112,4
2021,02,읍면동,경기도 용인시 기흥구 보라동,33701,3014,4347,4057,3873,6520,5245,3408,2197,900,133,7,16701,1564,2241,2071,1884,3251,2654,1600,1013,376,45,2,17000,1450,2106,1986,1989,3269,2591,1808,1184,524,88,5
2021,02,읍면동,경기도 용인시 기흥구 보정동,36577,3334,4578,4221,4080,7362,5384,3500,2819,1130,164,5,17958,1747,2369,2182,1882,3475,2773,1633,1315,529,53,0,18619,1587,2209,2039,2198,3887,2611,1867,1504,601,111,5
2021,02,읍면동,경기도 용인시 기흥구 상갈동,13352,939,1260,1980,1857,2393,2272,1283,901,419,46,2,6904,512,625,1050,1025,1236,1232,630,397,184,12,1,6448,427,635,930,832,1157,1040,653,504,235,34,1
2021,02,읍면동,경기도 용인시 기흥구 상하동,24939,1942,2804,3418,2825,4435,4475,2734,1557,649,94,6,12207,1023,1460,1768,1361,2130,2217,1303,682,242,21,0,12732,919,1344,1650,1464,2305,2258,1431,875,407,73,6
2021,02,읍면동,경기도 용인시 기흥구 서농동,26261,3140,2504,5279,4568,4477,3204,1866,832,346,42,3,13499,1558,1257,3124,2289,2300,1559,913,366,124,8,1,12762,1582,1247,2155,2279,2177,1645,953,466,222,34,2
2021,02,읍면동,경기도 용인시 기흥구 신갈동,38762,3354,3588,5122,6174,6633,6205,4052,2402,1083,138,11,19306,1683,1849,2557,3215,3327,3154,1978,1038,457,45,3,19456,1671,1739,2565,2959,3306,3051,2074,1364,626,93,8
2021,02,읍면동,경기도 용인시 기흥구 영덕1동 ,30616,3441,3543,3820,4649,5978,4839,2626,1175,457,84,4,15185,1741,1837,1973,2291,2951,2448,1235,547,147,14,1,15431,1700,1706,1847,2358,3027,2391,1391,628,310,70,3
2021,02,읍면동,경기도 용인시 기흥구 영덕2동 ,17576,1859,1253,2462,3219,2763,2778,1708,762,604,165,3,8717,954,630,1306,1635,1388,1327,822,372,223,59,1,8859,905,623,1156,1584,1375,1451,886,390,381,106,2
2021,02,구,경기도 용인시 수지구 ,377204,36702,45547,46491,51533,72679,55712,34225,23409,9488,1359,59,183900,18713,23188,23284,24399,34804,28248,15937,10656,4271,391,9,193304,17989,22359,23207,27134,37875,27464,18288,12753,5217,968,50
2021,02,읍면동,경기도 용인시 수지구 동천동,49681,5741,5376,5555,7871,9642,7063,4738,2609,913,164,9,24506,2993,2782,2786,3673,4745,3579,2277,1234,394,42,1,25175,2748,2594,2769,4198,4897,3484,2461,1375,519,122,8
2021,02,읍면동,경기도 용인시 수지구 상현1동 ,48551,4797,6142,6306,6707,9347,7061,4130,2791,1098,162,10,23453,2360,3110,3068,3170,4447,3569,1911,1269,508,40,1,25098,2437,3032,3238,3537,4900,3492,2219,1522,590,122,9
2021,02,읍면동,경기도 용인시 수지구 상현2동 ,33981,3344,4230,3889,4226,6554,5101,3066,2466,961,141,3,16531,1726,2176,1946,1989,3127,2557,1388,1134,445,43,0,17450,1618,2054,1943,2237,3427,2544,1678,1332,516,98,3
2021,02,읍면동,경기도 용인시 수지구 성복동,53285,5443,6461,5672,6080,10322,7746,5573,4283,1477,218,10,25629,2768,3182,2852,2660,4825,3938,2504,2091,745,61,3,27656,2675,3279,2820,3420,5497,3808,3069,2192,732,157,7
2021,02,읍면동,경기도 용인시 수지구 신봉동,38132,3505,5305,4078,4029,7955,5793,3460,2793,1071,142,1,18512,1766,2728,2094,1824,3680,3007,1600,1256,516,41,0,19620,1739,2577,1984,2205,4275,2786,1860,1537,555,101,1
2021,02,읍면동,경기도 용인시 수지구 죽전1동 ,56710,4952,7052,7854,6918,10791,8779,5249,3340,1565,202,8,27371,2502,3566,3888,3240,5163,4347,2469,1463,669,64,0,29339,2450,3486,3966,3678,5628,4432,2780,1877,896,138,8
2021,02,읍면동,경기도 용인시 수지구 죽전2동 ,18481,1495,1603,2777,3239,3040,2893,1817,1046,477,92,2,9145,786,825,1422,1643,1496,1408,860,478,199,28,0,9336,709,778,1355,1596,1544,1485,957,568,278,64,2
2021,02,읍면동,경기도 용인시 수지구 풍덕천1동,36765,2740,3664,5409,6237,6055,5459,3717,2343,1000,130,11,18314,1418,1881,2797,3281,2957,2748,1732,1042,418,38,2,18451,1322,1783,2612,2956,3098,2711,1985,1301,582,92,9
2021,02,읍면동,경기도 용인시 수지구 풍덕천2동,41618,4685,5714,4951,6226,8973,5817,2475,1738,926,108,5,20439,2394,2938,2431,2919,4364,3095,1196,689,377,34,2,21179,2291,2776,2520,3307,4609,2722,1279,1049,549,74,3
2021,02,구,경기도 용인시 처인구 ,258065,21005,24635,34453,33939,43621,43449,32033,16140,7515,1192,83,132193,10730,12772,18673,18030,22944,22421,16135,7463,2744,266,15,125872,10275,11863,15780,15909,20677,21028,15898,8677,4771,926,68
2021,02,읍면동,경기도 용인시 처인구 남사면,0,0,0,0,0,0,0,0,0,0,0,0,0,0,0,0,0,0,0,0,0,0,0,0,0,0,0,0,0,0,0,0,0,0,0,0
2021,02,읍면동,경기도 용인시 처인구 남사읍,23681,3184,1916,1903,4192,4205,3080,2952,1516,613,113,7,11931,1600,948,1008,2079,2299,1541,1432,768,228,27,1,11750,1584,968,895,2113,1906,1539,1520,748,385,86,6
2021,02,읍면동,경기도 용인시 처인구 동부동,13132,679,1121,1858,1441,1962,2601,2039,979,374,70,8,6794,355,612,1035,813,1008,1308,1044,456,142,20,1,6338,324,509,823,628,954,1293,995,523,232,50,7
2021,02,읍면동,경기도 용인시 처인구 모현읍,26498,1953,2408,3395,3064,4489,4706,3657,1875,815,128,8,13848,1023,1243,1884,1606,2409,2544,1889,899,327,22,2,12650,930,1165,1511,1458,2080,2162,1768,976,488,106,6
2021,02,읍면동,경기도 용인시 처인구 백암면,8430,238,476,848,735,1010,1584,1841,946,652,93,7,4560,134,264,517,445,615,881,999,451,231,22,1,3870,104,212,331,290,395,703,842,495,421,71,6
2021,02,읍면동,경기도 용인시 처인구 양지면,18931,1278,1768,2349,2411,3125,3385,2687,1198,606,113,11,10044,667,946,1323,1383,1718,1774,1418,579,206,29,1,8887,611,822,1026,1028,1407,1611,1269,619,400,84,10
2021,02,읍면동,경기도 용인시 처인구 역삼동,44696,4821,4438,7166,7364,7767,6435,3891,1903,778,123,10,22400,2489,2264,3661,3772,3942,3154,1915,867,304,29,3,22296,2332,2174,3505,3592,3825,3281,1976,1036,474,94,7
2021,02,읍면동,경기도 용인시 처인구 원삼면,8247,339,530,737,735,1094,1597,1696,951,483,80,5,4291,170,288,417,423,599,847,875,482,173,17,0,3956,169,242,320,312,495,750,821,469,310,63,5
2021,02,읍면동,경기도 용인시 처인구 유림동,36056,3121,4348,4881,4519,6784,6185,3447,1845,812,110,4,18189,1573,2238,2644,2297,3396,3205,1707,800,301,28,0,17867,1548,2110,2237,2222,3388,2980,1740,1045,511,82,4
2021,02,읍면동,경기도 용인시 처인구 이동읍,20343,1553,1782,2153,2367,3329,3721,3011,1523,762,132,10,10392,770,927,1224,1300,1804,1942,1470,678,254,22,1,9951,783,855,929,1067,1525,1779,1541,845,508,110,9
2021,02,읍면동,경기도 용인시 처인구 중앙동,24736,1531,2218,4409,3170,3892,4199,3045,1463,695,101,13,12529,768,1137,2311,1757,2039,2093,1495,646,254,24,5,12207,763,1081,2098,1413,1853,2106,1550,817,441,77,8
2021,02,읍면동,경기도 용인시 처인구 포곡읍,33315,2308,3630,4754,3941,5964,5956,3767,1941,925,129,0,17215,1181,1905,2649,2155,3115,3132,1891,837,324,26,0,16100,1127,1725,2105,1786,2849,2824,1876,1104,601,103,0
2021,02,시군,경기도 의왕시 ,163208,12943,14477,23300,22709,24469,29336,21770,9155,4260,741,48,81175,6717,7431,12275,11693,12062,14132,10890,4316,1478,168,13,82033,6226,7046,11025,11016,12407,15204,10880,4839,2782,573,35
2021,02,읍면동,경기도 의왕시 고천동 ,14513,878,965,2500,2609,1768,2047,2202,1022,435,84,3,7375,472,513,1291,1448,916,970,1089,501,158,15,2,7138,406,452,1209,1161,852,1077,1113,521,277,69,1
2021,02,읍면동,경기도 의왕시 내손1동,21061,1524,2028,3299,2374,3145,4201,2745,1068,555,110,12,10328,793,1078,1693,1178,1477,2007,1401,488,189,23,1,10733,731,950,1606,1196,1668,2194,1344,580,366,87,11
2021,02,읍면동,경기도 의왕시 내손2동,23294,2345,2093,3218,3537,3571,4136,2744,1020,530,95,5,11445,1204,1088,1669,1712,1751,1983,1383,453,179,22,1,11849,1141,1005,1549,1825,1820,2153,1361,567,351,73,4
2021,02,읍면동,경기도 의왕시 부곡동 ,29679,2206,2432,4176,4180,4436,5186,3838,2035,1036,140,14,15106,1154,1243,2284,2274,2310,2590,1927,906,375,39,4,14573,1052,1189,1892,1906,2126,2596,1911,1129,661,101,10
2021,02,읍면동,경기도 의왕시 오전동 ,37607,2716,3857,4954,4656,5943,6843,5412,2192,876,153,5,18674,1358,1997,2615,2374,2883,3301,2710,1083,320,31,2,18933,1358,1860,2339,2282,3060,3542,2702,1109,556,122,3
2021,02,읍면동,경기도 의왕시 청계동 ,37054,3274,3102,5153,5353,5606,6923,4829,1818,828,159,9,18247,1736,1512,2723,2707,2725,3281,2380,885,257,38,3,18807,1538,1590,2430,2646,2881,3642,2449,933,571,121,6
2021,02,시군,경기도 의정부시,462619,34113,42272,64815,59849,74735,80621,58291,31406,14344,1938,235,227725,17611,21806,32823,30582,37519,39607,28117,13821,5330,458,51,234894,16502,20466,31992,29267,37216,41014,30174,17585,9014,1480,184
2021,02,읍면동,경기도 의정부시 가능동,26115,1502,2015,3596,3267,3867,4985,3807,2050,901,111,14,13052,762,1058,1883,1753,1976,2472,1888,893,344,22,1,13063,740,957,1713,1514,1891,2513,1919,1157,557,89,13
2021,02,읍면동,경기도 의정부시 녹양동,22099,1503,2128,3002,2620,3522,3979,2916,1558,743,125,3,11033,803,1152,1582,1333,1788,1965,1410,685,285,30,0,11066,700,976,1420,1287,1734,2014,1506,873,458,95,3
2021,02,읍면동,경기도 의정부시 송산1동 ,40412,3403,3585,5555,5709,6529,6989,4975,2272,1217,165,13,20049,1725,1869,2862,2978,3268,3405,2467,1041,402,29,3,20363,1678,1716,2693,2731,3261,3584,2508,1231,815,136,10
2021,02,읍면동,경기도 의정부시 송산2동 ,33730,2796,4242,4564,3779,6301,5989,3049,1925,938,142,5,16703,1445,2166,2416,1866,3047,3082,1470,813,366,30,2,17027,1351,2076,2148,1913,3254,2907,1579,1112,572,112,3
2021,02,읍면동,경기도 의정부시 송산3동 ,46615,6598,5158,5201,8201,9109,6077,3764,1699,707,97,4,22670,3374,2576,2584,3885,4584,2922,1742,762,215,25,1,23945,3224,2582,2617,4316,4525,3155,2022,937,492,72,3
2021,02,읍면동,경기도 의정부시 신곡1동 ,43760,2748,3968,6140,5147,6742,8574,5960,2971,1334,164,12,21521,1466,2028,3180,2659,3296,4136,2915,1331,475,32,3,22239,1282,1940,2960,2488,3446,4438,3045,1640,859,132,9
2021,02,읍면동,경기도 의정부시 신곡2동 ,48176,3470,5147,6938,5479,7697,8957,6036,2874,1355,212,11,23373,1817,2687,3514,2761,3689,4203,2922,1255,477,45,3,24803,1653,2460,3424,2718,4008,4754,3114,1619,878,167,8
2021,02,읍면동,경기도 의정부시 의정부1동 ,32029,1117,1618,6514,4807,4408,5500,4515,2283,1053,151,63,16331,589,821,3043,2664,2461,2985,2311,1010,400,35,12,15698,528,797,3471,2143,1947,2515,2204,1273,653,116,51
2021,02,읍면동,경기도 의정부시 의정부2동 ,31353,1782,2114,5322,4592,4809,5540,4018,2140,905,119,12,15537,938,1135,2593,2395,2483,2756,1910,936,354,33,4,15816,844,979,2729,2197,2326,2784,2108,1204,551,86,8
2021,02,읍면동,경기도 의정부시 자금동,27108,1911,2470,3741,3170,4194,5080,3560,1889,952,120,21,13242,945,1291,1966,1584,2070,2452,1738,821,327,37,11,13866,966,1179,1775,1586,2124,2628,1822,1068,625,83,10
2021,02,읍면동,경기도 의정부시 장암동,20626,1494,2074,2423,2277,3440,3434,2851,1712,794,115,12,9839,748,1066,1207,1129,1696,1624,1358,722,270,18,1,10787,746,1008,1216,1148,1744,1810,1493,990,524,97,11
2021,02,읍면동,경기도 의정부시 호원1동 ,36362,2286,2800,4753,4570,5786,5940,5265,3479,1318,145,20,17727,1192,1425,2295,2345,3009,2856,2404,1588,565,43,5,18635,1094,1375,2458,2225,2777,3084,2861,1891,753,102,15
2021,02,읍면동,경기도 의정부시 호원2동 ,35143,2413,3396,4572,4001,5593,5981,4614,3013,1383,167,10,17028,1240,1710,2332,2025,2700,2922,2158,1307,574,58,2,18115,1173,1686,2240,1976,2893,3059,2456,1706,809,109,8
2021,02,읍면동,경기도 의정부시 흥선동,19091,1090,1557,2494,2230,2738,3596,2961,1541,744,105,35,9620,567,822,1366,1205,1452,1827,1424,657,276,21,3,9471,523,735,1128,1025,1286,1769,1537,884,468,84,32
2021,02,시군,경기도 이천시 ,218793,18612,21894,30282,30475,34767,35336,26423,13123,6840,976,65,113156,9629,11350,17159,16345,17970,18388,13490,6040,2526,239,20,105637,8983,10544,13123,14130,16797,16948,12933,7083,4314,737,45
2021,02,읍면동,경기도 이천시 관고동 ,10301,572,793,1497,1361,1475,1955,1597,699,307,42,3,5248,305,368,779,783,764,994,830,301,110,13,1,5053,267,425,718,578,711,961,767,398,197,29,2
2021,02,읍면동,경기도 이천시 대월면 ,14527,1198,1193,2613,2501,2128,1966,1570,873,411,70,4,7397,630,588,1292,1324,1163,1038,799,393,150,18,2,7130,568,605,1321,1177,965,928,771,480,261,52,2
2021,02,읍면동,경기도 이천시 마장면 ,14442,1530,1008,2183,2629,2029,2057,1623,872,432,73,6,7847,803,508,1335,1496,1157,1111,847,411,157,20,2,6595,727,500,848,1133,872,946,776,461,275,53,4
2021,02,읍면동,경기도 이천시 모가면 ,4445,143,272,375,359,505,843,975,574,355,42,2,2390,82,160,235,226,291,462,513,276,134,11,0,2055,61,112,140,133,214,381,462,298,221,31,2
2021,02,읍면동,경기도 이천시 백사면 ,11299,792,861,1319,1257,1621,2185,1747,901,523,89,4,5747,404,452,733,636,855,1111,905,412,213,25,1,5552,388,409,586,621,766,1074,842,489,310,64,3
2021,02,읍면동,경기도 이천시 부발읍 ,36112,3247,4475,5108,5059,6707,5569,3432,1614,801,96,4,18955,1651,2323,3001,2691,3434,3001,1787,751,294,22,0,17157,1596,2152,2107,2368,3273,2568,1645,863,507,74,4
2021,02,읍면동,경기도 이천시 설성면 ,4732,169,221,394,367,498,878,1044,670,421,64,6,2498,77,116,237,228,305,487,549,326,160,11,2,2234,92,105,157,139,193,391,495,344,261,53,4
2021,02,읍면동,경기도 이천시 신둔면 ,13766,1083,991,1603,1843,1999,2581,2101,1007,467,84,7,7204,561,524,875,998,1086,1363,1111,479,187,17,3,6562,522,467,728,845,913,1218,990,528,280,67,4
2021,02,읍면동,경기도 이천시 율면,2670,59,117,181,150,239,442,685,399,344,50,4,1378,35,62,104,96,155,239,354,189,131,12,1,1292,24,55,77,54,84,203,331,210,213,38,3
2021,02,읍면동,경기도 이천시 장호원읍,14724,974,1367,1532,1521,2003,2512,2456,1428,818,101,12,7485,494,731,917,799,1035,1303,1216,661,299,26,4,7239,480,636,615,722,968,1209,1240,767,519,75,8
2021,02,읍면동,경기도 이천시 중리동 ,14903,914,923,3076,2431,1873,2321,1921,946,430,62,6,8456,475,478,2135,1533,1026,1201,965,453,172,15,3,6447,439,445,941,898,847,1120,956,493,258,47,3
2021,02,읍면동,경기도 이천시 증포동 ,53811,6650,7804,6867,8153,10389,7975,3744,1427,705,95,2,26908,3448,4074,3640,3916,5002,4071,1906,605,226,19,1,26903,3202,3730,3227,4237,5387,3904,1838,822,479,76,1
2021,02,읍면동,경기도 이천시 창전동 ,17268,966,1533,2878,2187,2585,2954,2459,1134,508,60,4,8587,502,786,1529,1230,1273,1400,1151,522,175,19,0,8681,464,747,1349,957,1312,1554,1308,612,333,41,4
2021,02,읍면동,경기도 이천시 호법면 ,5793,315,336,656,657,716,1098,1069,579,318,48,1,3056,162,180,347,389,424,607,557,261,118,11,0,2737,153,156,309,268,292,491,512,318,200,37,1
2021,02,시군,경기도 파주시 ,467954,43979,49265,57011,66792,81111,73693,50457,28866,14461,2119,200,237118,22454,25337,30191,35318,41557,38565,25100,12697,5294,545,60,230836,21525,23928,26820,31474,39554,35128,25357,16169,9167,1574,140
2021,02,읍면동,경기도 파주시 광탄면 ,11387,461,659,1230,1025,1339,2297,2253,1254,710,144,15,6212,236,374,760,613,795,1283,1251,631,233,32,4,5175,225,285,470,412,544,1014,1002,623,477,112,11
2021,02,읍면동,경기도 파주시 교하동 ,42057,3858,5528,4747,5167,8305,6944,4066,2165,1094,171,12,21326,1955,2890,2588,2618,4121,3718,2060,944,398,33,1,20731,1903,2638,2159,2549,4184,3226,2006,1221,696,138,11
2021,02,읍면동,경기도 파주시 금촌1동,22346,1116,1504,3442,2804,3302,4246,3141,1813,836,127,15,11854,575,795,1935,1659,1789,2390,1590,793,289,32,7,10492,541,709,1507,1145,1513,1856,1551,1020,547,95,8
2021,02,읍면동,경기도 파주시 금촌2동,33125,3268,4237,4243,4431,6011,5272,2891,1781,861,118,12,16203,1674,2184,2145,2243,2878,2689,1325,728,308,26,3,16922,1594,2053,2098,2188,3133,2583,1566,1053,553,92,9
2021,02,읍면동,경기도 파주시 금촌3동,27443,2268,2766,3840,3627,4329,4733,3183,1705,876,113,3,14072,1134,1444,2106,1943,2249,2448,1604,771,341,30,2,13371,1134,1322,1734,1684,2080,2285,1579,934,535,83,1
2021,02,읍면동,경기도 파주시 문산읍 ,48387,4822,4736,5777,7551,7531,6977,5365,3520,1826,250,32,24726,2437,2436,3173,4178,4000,3639,2591,1515,655,87,15,23661,2385,2300,2604,3373,3531,3338,2774,2005,1171,163,17
2021,02,읍면동,경기도 파주시 법원읍 ,10807,340,714,1322,892,1221,2192,2054,1287,670,103,12,5738,189,387,809,515,694,1202,1079,607,221,32,3,5069,151,327,513,377,527,990,975,680,449,71,9
2021,02,읍면동,경기도 파주시 운정1동,47128,5144,6004,5658,6790,9145,7050,4170,2075,948,138,6,23045,2616,2988,2722,3371,4500,3526,2020,916,353,33,0,24083,2528,3016,2936,3419,4645,3524,2150,1159,595,105,6
2021,02,읍면동,경기도 파주시 운정2동,63059,8903,7572,6661,11753,12490,7627,4345,2446,1101,156,5,30799,4553,3822,3149,5848,6230,3774,1990,978,412,41,2,32260,4350,3750,3512,5905,6260,3853,2355,1468,689,115,3
2021,02,읍면동,경기도 파주시 운정3동,84275,9928,9977,10013,13674,16885,11847,6641,3514,1605,185,6,41334,5113,5128,4921,6684,8356,5876,3131,1470,607,48,0,42941,4815,4849,5092,6990,8529,5971,3510,2044,998,137,6
2021,02,읍면동,경기도 파주시 월롱면 ,9044,188,279,1965,2166,970,1325,1167,581,348,51,4,5760,90,157,1191,1755,689,817,648,285,117,11,0,3284,98,122,774,411,281,508,519,296,231,40,4
2021,02,읍면동,경기도 파주시 장단출장소,565,20,36,55,47,73,103,97,90,41,3,0,285,9,15,28,22,50,51,54,37,17,2,0,280,11,21,27,25,23,52,43,53,24,1,0
2021,02,읍면동,경기도 파주시 적성면 ,7559,573,517,952,859,832,1202,1257,899,392,74,2,4070,291,295,605,484,476,654,674,418,155,18,0,3489,282,222,347,375,356,548,583,481,237,56,2
2021,02,읍면동,경기도 파주시 조리읍 ,30063,1747,2738,3722,2948,4509,5919,4579,2477,1239,170,15,15276,868,1379,2024,1613,2331,3091,2322,1123,476,44,5,14787,879,1359,1698,1335,2178,2828,2257,1354,763,126,10
2021,02,읍면동,경기도 파주시 진동면 ,163,5,13,4,11,15,30,33,32,18,2,0,89,2,4,4,6,6,20,18,17,10,2,0,74,3,9,0,5,9,10,15,15,8,0,0
2021,02,읍면동,경기도 파주시 탄현면 ,13274,642,988,1483,1456,2107,2581,2057,1162,678,111,9,7189,340,514,865,858,1193,1478,1109,548,259,24,1,6085,302,474,618,598,914,1103,948,614,419,87,8
2021,02,읍면동,경기도 파주시 파주읍 ,13366,602,810,1472,1346,1694,2578,2349,1471,866,137,41,7090,323,426,883,766,993,1478,1218,643,311,38,11,6276,279,384,589,580,701,1100,1131,828,555,99,30
2021,02,읍면동,경기도 파주시 파평면 ,3906,94,187,425,245,353,770,809,594,352,66,11,2050,49,99,283,142,207,431,416,273,132,12,6,1856,45,88,142,103,146,339,393,321,220,54,5
2021,02,시군,경기도 평택시 ,544085,49434,53665,74400,81889,94829,87962,56548,28724,14348,2048,238,281521,25188,27686,40871,44623,50529,46254,28148,12551,5081,516,74,262564,24246,25979,33529,37266,44300,41708,28400,16173,9267,1532,164
2021,02,읍면동,경기도 평택시 고덕면 ,23710,2715,1897,3643,4611,3768,3423,2044,992,526,86,5,12597,1361,940,2164,2528,2105,1784,1031,483,184,14,3,11113,1354,957,1479,2083,1663,1639,1013,509,342,72,2
2021,02,읍면동,경기도 평택시 비전1동,87105,11237,9491,11560,16835,16613,11790,5919,2426,1085,141,8,44174,5734,4924,5951,8688,8494,5992,2918,1069,371,31,2,42931,5503,4567,5609,8147,8119,5798,3001,1357,714,110,6
2021,02,읍면동,경기도 평택시 비전2동,54082,5765,6246,7322,8088,9529,8678,4980,2218,1107,135,14,26804,2938,3281,3773,4052,4610,4263,2472,934,442,38,1,27278,2827,2965,3549,4036,4919,4415,2508,1284,665,97,13
2021,02,읍면동,경기도 평택시 서정동 ,25467,1308,2310,3656,3088,4117,4844,3292,1825,889,121,17,12900,657,1197,1997,1748,2186,2437,1557,753,316,43,9,12567,651,1113,1659,1340,1931,2407,1735,1072,573,78,8
2021,02,읍면동,경기도 평택시 서탄면 ,3661,115,206,343,346,468,679,739,469,268,26,2,2013,54,124,220,206,299,387,408,218,90,6,1,1648,61,82,123,140,169,292,331,251,178,20,1
2021,02,읍면동,경기도 평택시 세교동 ,28711,2549,2867,4313,4162,4595,5270,2866,1306,688,90,5,14457,1313,1461,2278,2229,2319,2614,1431,534,253,24,1,14254,1236,1406,2035,1933,2276,2656,1435,772,435,66,4
2021,02,읍면동,경기도 평택시 송북동 ,22105,1603,2214,2914,2622,3723,4075,2784,1387,666,103,14,11040,814,1116,1591,1336,1916,2058,1372,570,232,29,6,11065,789,1098,1323,1286,1807,2017,1412,817,434,74,8
2021,02,읍면동,경기도 평택시 송탄동 ,20052,2345,1841,2636,3401,3680,3229,1774,722,358,60,6,10468,1182,916,1438,1787,2028,1683,956,330,133,13,2,9584,1163,925,1198,1614,1652,1546,818,392,225,47,4
2021,02,읍면동,경기도 평택시 신장1동,7440,571,492,1050,1256,1218,1151,876,517,255,42,12,3730,292,253,578,691,671,598,372,171,87,12,5,3710,279,239,472,565,547,553,504,346,168,30,7
2021,02,읍면동,경기도 평택시 신장2동,5751,163,293,722,629,778,1008,1012,702,359,62,23,2915,89,167,396,381,469,535,469,263,122,14,10,2836,74,126,326,248,309,473,543,439,237,48,13
2021,02,읍면동,경기도 평택시 신평동 ,22802,1032,1731,3969,2911,3444,4260,2999,1603,756,86,11,11746,541,912,2152,1673,1816,2190,1454,703,277,25,3,11056,491,819,1817,1238,1628,2070,1545,900,479,61,8
2021,02,읍면동,경기도 평택시 안중읍 ,43594,3926,5785,5804,5583,8543,7000,3853,1936,1004,149,11,22430,1955,2919,3118,3045,4372,3835,1969,828,354,35,0,21164,1971,2866,2686,2538,4171,3165,1884,1108,650,114,11
2021,02,읍면동,경기도 평택시 오성면 ,6723,315,488,695,611,903,1292,1184,705,458,70,2,3596,175,251,403,377,544,741,605,319,156,25,0,3127,140,237,292,234,359,551,579,386,302,45,2
2021,02,읍면동,경기도 평택시 용이동 ,25321,3383,3135,3437,4672,5163,3204,1494,550,249,34,0,13227,1793,1610,1841,2449,2729,1711,762,250,76,6,0,12094,1590,1525,1596,2223,2434,1493,732,300,173,28,0
2021,02,읍면동,경기도 평택시 원평동 ,10719,520,650,1640,1490,1590,1905,1542,887,422,59,14,5595,253,336,927,889,840,1021,760,394,157,14,4,5124,267,314,713,601,750,884,782,493,265,45,10
2021,02,읍면동,경기도 평택시 중앙동 ,44108,2897,4896,7176,5353,7623,8184,4562,2221,1038,140,18,22670,1479,2518,4033,3009,3881,4175,2237,965,332,34,7,21438,1418,2378,3143,2344,3742,4009,2325,1256,706,106,11
2021,02,읍면동,경기도 평택시 지산동 ,12758,711,901,2474,2230,2149,1990,1240,709,307,42,5,6877,338,434,1414,1345,1225,1081,620,291,120,8,1,5881,373,467,1060,885,924,909,620,418,187,34,4
2021,02,읍면동,경기도 평택시 진위면 ,11377,492,811,1469,1364,1688,2140,1834,1020,491,64,4,6253,242,437,902,866,993,1180,956,487,174,15,1,5124,250,374,567,498,695,960,878,533,317,49,3
2021,02,읍면동,경기도 평택시 청북읍 ,27020,4059,3207,2401,4882,5492,2999,2198,1092,571,113,6,14284,2097,1657,1334,2536,3115,1689,1104,544,183,25,0,12736,1962,1550,1067,2346,2377,1310,1094,548,388,88,6
2021,02,읍면동,경기도 평택시 통복동 ,4129,122,209,616,436,516,805,749,453,192,27,4,2164,60,123,356,268,278,431,360,205,73,9,1,1965,62,86,260,168,238,374,389,248,119,18,3
2021,02,읍면동,경기도 평택시 팽성읍 ,28037,1569,1750,3015,3058,3987,5158,4800,2870,1569,211,50,14326,804,916,1736,1713,2229,2810,2263,1215,572,51,17,13711,765,834,1279,1345,1758,2348,2537,1655,997,160,33
2021,02,읍면동,경기도 평택시 포승읍 ,24125,1885,1953,3107,3921,4612,3911,2667,1322,634,109,4,14465,930,1046,2008,2612,3016,2477,1484,644,220,28,0,9660,955,907,1099,1309,1596,1434,1183,678,414,81,4
2021,02,읍면동,경기도 평택시 현덕면 ,5288,152,292,438,340,630,967,1140,792,456,78,3,2790,87,148,261,195,394,562,588,381,157,17,0,2498,65,144,177,145,236,405,552,411,299,61,3
2021,02,시군,경기도 포천시 ,147480,8421,12063,17934,14566,20290,29143,24967,12449,6578,988,81,78036,4331,6313,10399,8121,10907,16019,13504,5776,2402,233,31,69444,4090,5750,7535,6445,9383,13124,11463,6673,4176,755,50
2021,02,읍면동,경기도 포천시 가산면 ,7697,207,409,791,616,876,1890,1673,726,435,72,2,4517,99,212,468,396,573,1188,1012,380,175,13,1,3180,108,197,323,220,303,702,661,346,260,59,1
2021,02,읍면동,경기도 포천시 관인면 ,2794,58,147,227,123,253,535,678,485,258,27,3,1453,25,70,145,82,152,283,358,229,100,6,3,1341,33,77,82,41,101,252,320,256,158,21,0
2021,02,읍면동,경기도 포천시 군내면 ,8676,614,567,947,1107,1149,1609,1516,721,383,62,1,4671,306,293,557,619,646,883,859,356,139,12,1,4005,308,274,390,488,503,726,657,365,244,50,0
2021,02,읍면동,경기도 포천시 내촌면 ,4610,108,193,439,337,529,1129,1055,504,282,32,2,2639,64,110,269,207,336,665,623,242,118,4,1,1971,44,83,170,130,193,464,432,262,164,28,1
2021,02,읍면동,경기도 포천시 선단동 ,14440,696,1157,1952,1393,2236,3255,2279,922,485,58,7,7791,374,607,1123,767,1234,1828,1245,436,158,17,2,6649,322,550,829,626,1002,1427,1034,486,327,41,5
2021,02,읍면동,경기도 포천시 소흘읍 ,44069,2828,4874,5829,4336,7154,9013,5976,2571,1272,204,12,22475,1439,2522,3152,2216,3549,4777,3141,1188,446,41,4,21594,1389,2352,2677,2120,3605,4236,2835,1383,826,163,8
2021,02,읍면동,경기도 포천시 신북면 ,12435,630,949,1476,1180,1639,2485,2355,1072,552,90,7,6846,346,525,892,682,893,1449,1316,507,210,25,1,5589,284,424,584,498,746,1036,1039,565,342,65,6
2021,02,읍면동,경기도 포천시 영북면 ,8430,626,435,986,991,871,1290,1521,1009,576,106,19,4505,330,222,676,597,503,711,787,422,225,24,8,3925,296,213,310,394,368,579,734,587,351,82,11
2021,02,읍면동,경기도 포천시 영중면 ,4872,186,244,423,299,515,1008,1114,662,371,47,3,2647,97,122,256,178,328,590,623,297,138,17,1,2225,89,122,167,121,187,418,491,365,233,30,2
2021,02,읍면동,경기도 포천시 이동면 ,6271,515,352,865,889,639,887,1050,677,356,38,3,3408,263,168,591,528,375,481,548,320,123,11,0,2863,252,184,274,361,264,406,502,357,233,27,3
2021,02,읍면동,경기도 포천시 일동면 ,9452,488,681,965,867,1187,1594,1848,1098,604,111,9,4896,251,364,596,510,659,837,937,501,208,28,5,4556,237,317,369,357,528,757,911,597,396,83,4
2021,02,읍면동,경기도 포천시 창수면 ,2153,43,79,181,122,204,373,573,361,197,20,0,1208,27,50,122,81,119,227,319,171,85,7,0,945,16,29,59,41,85,146,254,190,112,13,0
2021,02,읍면동,경기도 포천시 포천동 ,18810,1228,1827,2548,1956,2767,3619,2781,1345,632,95,12,9522,617,979,1381,1055,1386,1858,1424,576,221,21,4,9288,611,848,1167,901,1381,1761,1357,769,411,74,8
2021,02,읍면동,경기도 포천시 화현면 ,2771,194,149,305,350,271,456,548,296,175,26,1,1458,93,69,171,203,154,242,312,151,56,7,0,1313,101,80,134,147,117,214,236,145,119,19,1
2021,02,읍면동,경기도 풍양출장소 ,0,0,0,0,0,0,0,0,0,0,0,0,0,0,0,0,0,0,0,0,0,0,0,0,0,0,0,0,0,0,0,0,0,0,0,0
2021,02,시군,경기도 하남시 ,298005,30340,25752,36982,50510,52624,42565,35790,16459,5836,1029,118,149595,15546,13090,18765,25615,27586,21190,17278,8196,2068,231,30,148410,14794,12662,18217,24895,25038,21375,18512,8263,3768,798,88
2021,02,읍면동,경기도 하남시 감북동 ,2850,85,146,351,373,383,585,526,261,114,20,6,1576,46,75,208,234,226,318,287,130,41,9,2,1274,39,71,143,139,157,267,239,131,73,11,4
2021,02,읍면동,경기도 하남시 감일동 ,17884,2561,1596,2095,3656,3092,2186,1658,707,275,51,7,9014,1352,807,1046,1803,1610,1088,839,372,80,16,1,8870,1209,789,1049,1853,1482,1098,819,335,195,35,6
2021,02,읍면동,경기도 하남시 덕풍1동,16204,984,1098,2172,2314,2233,2878,2752,1256,448,57,12,8197,500,587,1193,1246,1164,1359,1327,623,184,11,3,8007,484,511,979,1068,1069,1519,1425,633,264,46,9
2021,02,읍면동,경기도 하남시 덕풍2동,19406,1102,1177,2559,2946,2590,3459,3390,1509,567,99,8,9789,568,602,1415,1614,1348,1702,1626,722,176,13,3,9617,534,575,1144,1332,1242,1757,1764,787,391,86,5
2021,02,읍면동,경기도 하남시 덕풍3동,25649,2123,2524,3085,3363,4432,4156,3469,1739,643,106,9,12777,1132,1286,1658,1720,2212,2026,1644,831,242,25,1,12872,991,1238,1427,1643,2220,2130,1825,908,401,81,8
2021,02,읍면동,경기도 하남시 미사1동,50256,4947,3945,9016,11746,9251,5272,3718,1727,523,108,3,25291,2571,1933,4122,6253,4944,2700,1680,892,173,23,0,24965,2376,2012,4894,5493,4307,2572,2038,835,350,85,3
2021,02,읍면동,경기도 하남시 미사2동,48068,6723,5204,4038,7702,10549,5834,4834,2336,714,129,5,23655,3433,2628,2041,3511,5517,2874,2245,1167,211,28,0,24413,3290,2576,1997,4191,5032,2960,2589,1169,503,101,5
2021,02,읍면동,경기도 하남시 신장1동,6711,305,407,1001,1026,933,1245,1032,524,200,32,6,3467,151,217,539,599,519,640,493,232,70,5,2,3244,154,190,462,427,414,605,539,292,130,27,4
2021,02,읍면동,경기도 하남시 신장2동,45428,3778,3862,5210,6636,7227,7103,6792,3448,1166,189,17,22486,1926,2016,2678,3404,3664,3387,3207,1696,454,48,6,22942,1852,1846,2532,3232,3563,3716,3585,1752,712,141,11
2021,02,읍면동,경기도 하남시 위례동 ,19846,2590,2048,2189,3316,3952,2916,1987,629,184,33,2,9674,1280,1001,1067,1494,2010,1393,1015,347,57,10,0,10172,1310,1047,1122,1822,1942,1523,972,282,127,23,2
2021,02,읍면동,경기도 하남시 천현동 ,7785,352,419,983,1020,1022,1500,1543,624,264,50,8,4292,175,231,571,602,626,850,818,304,100,13,2,3493,177,188,412,418,396,650,725,320,164,37,6
2021,02,읍면동,경기도 하남시 초이동 ,3692,166,175,478,482,464,742,734,296,139,14,2,2104,86,89,274,300,292,434,416,155,54,4,0,1588,80,86,204,182,172,308,318,141,85,10,2
2021,02,읍면동,경기도 하남시 춘궁동 ,4055,125,206,494,440,537,811,786,405,210,34,7,2279,66,117,278,269,327,500,430,194,92,4,2,1776,59,89,216,171,210,311,356,211,118,30,5
2021,02,읍면동,경기도 하남시 풍산동 ,30171,4499,2945,3311,5490,5959,3878,2569,998,389,107,26,14994,2260,1501,1675,2566,3127,1919,1251,531,134,22,8,15177,2239,1444,1636,2924,2832,1959,1318,467,255,85,18
2021,02,시군,경기도 화성시 ,859329,103355,97247,105426,150264,165462,116634,71632,32333,14715,2140,121,446168,52783,49682,57087,78247,88194,62752,36513,15134,5299,441,36,413161,50572,47565,48339,72017,77268,53882,35119,17199,9416,1699,85
2021,02,읍면동,경기도 화성시 기배동 ,13660,1285,1805,1714,1536,2676,2267,1401,690,250,34,2,6986,657,936,925,795,1372,1192,684,326,94,5,0,6674,628,869,789,741,1304,1075,717,364,156,29,2
2021,02,읍면동,경기도 화성시 남양읍 ,41929,4104,3541,5677,7210,6840,6609,4716,2106,950,172,4,22864,2128,1806,3336,4202,3916,3586,2471,1039,349,31,0,19065,1976,1735,2341,3008,2924,3023,2245,1067,601,141,4
2021,02,읍면동,경기도 화성시 동탄1동,51476,6314,6922,8023,9689,10320,6456,2388,939,377,47,1,26517,3182,3573,4332,4890,5166,3551,1223,451,140,9,0,24959,3132,3349,3691,4799,5154,2905,1165,488,237,38,1
2021,02,읍면동,경기도 화성시 동탄2동,35737,4257,6560,3747,4164,8753,4768,2045,1027,375,38,3,17605,2183,3288,1898,1877,4248,2545,978,430,152,5,1,18132,2074,3272,1849,2287,4505,2223,1067,597,223,33,2
2021,02,읍면동,경기도 화성시 동탄3동,42236,5764,5362,6306,8244,8546,4241,2102,1193,417,59,2,21772,2973,2789,3481,4281,4384,2243,930,506,167,18,0,20464,2791,2573,2825,3963,4162,1998,1172,687,250,41,2
2021,02,읍면동,경기도 화성시 동탄4동,53142,9104,8921,4200,9066,13274,5460,2042,759,268,48,0,26448,4641,4493,2107,3913,6843,3005,1014,346,80,6,0,26694,4463,4428,2093,5153,6431,2455,1028,413,188,42,0
2021,02,읍면동,경기도 화성시 동탄5동,42735,6331,4255,5167,10464,8226,4218,2571,1047,394,60,2,21487,3250,2179,2512,5300,4303,2146,1180,483,125,9,0,21248,3081,2076,2655,5164,3923,2072,1391,564,269,51,2
2021,02,읍면동,경기도 화성시 동탄6동,31371,4508,3016,4489,7454,6010,3386,1663,570,232,42,1,16240,2298,1571,2241,3928,3235,1788,831,259,80,8,1,15131,2210,1445,2248,3526,2775,1598,832,311,152,34,0
2021,02,읍면동,경기도 화성시 동탄7동,84494,14633,9258,8609,19248,17236,8855,4612,1469,493,78,3,42389,7454,4717,4300,9426,9033,4330,2239,741,133,14,2,42105,7179,4541,4309,9822,8203,4525,2373,728,360,64,1
2021,02,읍면동,경기도 화성시 동탄8동,28312,5169,2476,2899,7633,5206,2616,1622,471,185,35,0,14320,2626,1237,1436,3861,2805,1265,786,237,63,4,0,13992,2543,1239,1463,3772,2401,1351,836,234,122,31,0
2021,02,읍면동,경기도 화성시 마도면 ,6917,253,396,746,749,1000,1420,1234,718,348,49,4,4116,143,213,490,501,683,866,705,374,131,10,0,2801,110,183,256,248,317,554,529,344,217,39,4
2021,02,읍면동,경기도 화성시 매송면 ,7145,282,479,804,644,940,1516,1314,740,375,48,3,3786,142,258,460,372,533,845,693,332,137,12,2,3359,140,221,344,272,407,671,621,408,238,36,1
2021,02,읍면동,경기도 화성시 반월동 ,32408,4290,4012,4079,5784,6062,4541,2510,756,322,49,3,16384,2174,2070,2154,2872,3124,2210,1293,380,96,9,2,16024,2116,1942,1925,2912,2938,2331,1217,376,226,40,1
2021,02,읍면동,경기도 화성시 병점1동,28752,2586,3143,5095,4536,5126,4094,2448,1196,462,65,1,14788,1353,1606,2868,2406,2601,2057,1195,511,180,11,0,13964,1233,1537,2227,2130,2525,2037,1253,685,282,54,1
2021,02,읍면동,경기도 화성시 병점2동,24458,2451,3970,2988,3035,5417,3314,1767,1026,436,53,1,11922,1250,1983,1526,1470,2613,1734,780,411,148,7,0,12536,1201,1987,1462,1565,2804,1580,987,615,288,46,1
2021,02,읍면동,경기도 화성시 봉담읍 ,81881,8274,9829,10243,11399,15834,12612,8151,3766,1523,232,18,41609,4110,4908,5458,5806,8209,6679,4087,1758,540,50,4,40272,4164,4921,4785,5593,7625,5933,4064,2008,983,182,14
2021,02,읍면동,경기도 화성시 비봉면 ,5862,217,345,585,496,710,1213,1172,647,397,77,3,3304,120,189,346,308,446,709,691,317,158,18,2,2558,97,156,239,188,264,504,481,330,239,59,1
2021,02,읍면동,경기도 화성시 새솔동 ,21733,4019,2133,2376,4794,4169,2670,1172,257,125,17,1,10933,1986,1064,1231,2370,2178,1309,628,126,38,3,0,10800,2033,1069,1145,2424,1991,1361,544,131,87,14,1
2021,02,읍면동,경기도 화성시 서신면 ,7144,168,310,540,521,817,1597,1718,848,531,85,9,3942,82,171,346,307,506,927,943,425,213,19,3,3202,86,139,194,214,311,670,775,423,318,66,6
2021,02,읍면동,경기도 화성시 송산면 ,10975,448,798,992,882,1428,2169,2122,1252,731,142,11,5917,231,440,575,527,827,1259,1137,594,292,35,0,5058,217,358,417,355,601,910,985,658,439,107,11
2021,02,읍면동,경기도 화성시 양감면 ,3990,94,159,398,366,476,899,883,414,269,31,1,2446,54,85,266,251,346,591,535,218,92,8,0,1544,40,74,132,115,130,308,348,196,177,23,1
2021,02,읍면동,경기도 화성시 우정읍 ,17406,895,1440,1772,1585,2749,3553,2822,1614,853,116,7,9470,472,736,1080,951,1632,2041,1456,765,304,30,3,7936,423,704,692,634,1117,1512,1366,849,549,86,4
2021,02,읍면동,경기도 화성시 장안면 ,10341,382,614,1043,888,1311,2203,2065,1095,668,64,8,5946,216,338,639,570,853,1380,1145,517,263,19,6,4395,166,276,404,318,458,823,920,578,405,45,2
2021,02,읍면동,경기도 화성시 정남면 ,11412,400,752,1353,1153,1630,2430,2017,1014,572,83,8,6603,211,402,839,766,1043,1482,1139,497,208,14,2,4809,189,350,514,387,587,948,878,517,364,69,6
2021,02,읍면동,경기도 화성시 진안동 ,43935,4405,3909,7120,8909,7820,5953,3540,1547,645,85,2,23687,2254,2002,4112,5055,4393,3152,1770,684,245,19,1,20248,2151,1907,3008,3854,3427,2801,1770,863,400,66,1
2021,02,읍면동,경기도 화성시 팔탄면 ,9962,301,474,975,1016,1459,2309,1966,859,513,83,7,6021,160,249,651,696,979,1506,1135,435,187,23,0,3941,141,225,324,320,480,803,831,424,326,60,7
2021,02,읍면동,경기도 화성시 향남읍 ,86696,10641,10125,10374,15853,17462,11088,6572,2962,1436,174,9,46404,5512,5178,5702,8924,9734,6169,3320,1331,496,33,5,40292,5129,4947,4672,6929,7728,4919,3252,1631,940,141,4
2021,02,읍면동,경기도 화성시 화산동 ,23220,1780,2243,3112,2946,3965,4177,2997,1351,568,74,7,12262,921,1201,1776,1622,2189,2185,1525,641,188,12,2,10958,859,1042,1336,1324,1776,1992,1472,710,380,62,5
2021,02,읍면동,경기도 화성시동부출장소 ,0,0,0,0,0,0,0,0,0,0,0,0,0,0,0,0,0,0,0,0,0,0,0,0,0,0,0,0,0,0,0,0,0,0,0,0
2021,02,읍면동,경기도 화성시동탄출장소 ,0,0,0,0,0,0,0,0,0,0,0,0,0,0,0,0,0,0,0,0,0,0,0,0,0,0,0,0,0,0,0,0,0,0,0,0
2021,01,도,경기도,13449499,1140854,1327712,1809285,1906582,2300938,2239200,1548037,768814,350794,52908,4375,6765862,584069,682503,952644,982309,1169698,1134692,769505,348924,127700,12643,1175,6683637,556785,645209,856641,924273,1131240,1104508,778532,419890,223094,40265,3200
2021,01,읍면동,경기도 가평군 ,62399,3334,4578,6253,5709,7896,11352,12179,6830,3686,531,51,32169,1658,2434,3599,3099,4245,6010,6291,3241,1430,141,21,30230,1676,2144,2654,2610,3651,5342,5888,3589,2256,390,30
2021,01,읍면동,경기도 가평군 가평읍 ,19536,1159,1672,2231,1921,2657,3435,3289,1912,1094,150,16,9944,584,909,1229,1015,1424,1808,1657,861,410,43,4,9592,575,763,1002,906,1233,1627,1632,1051,684,107,12
2021,01,읍면동,경기도 가평군 북면,3895,151,202,238,272,388,723,969,565,333,49,5,1997,63,108,137,148,226,401,500,272,128,12,2,1898,88,94,101,124,162,322,469,293,205,37,3
2021,01,읍면동,경기도 가평군 상면,5571,150,262,529,372,561,1120,1412,733,379,48,5,2933,74,152,347,209,317,575,733,372,140,11,3,2638,76,110,182,163,244,545,679,361,239,37,2
2021,01,읍면동,경기도 가평군 설악면 ,9598,549,780,882,822,1127,1736,2019,985,581,112,5,4927,264,385,496,454,585,926,1049,502,235,28,3,4671,285,395,386,368,542,810,970,483,346,84,2
2021,01,읍면동,경기도 가평군 조종면 ,9754,707,661,1043,1146,1228,1658,1772,981,490,58,10,5189,360,348,640,632,667,875,980,466,200,17,4,4565,347,313,403,514,561,783,792,515,290,41,6
2021,01,읍면동,경기도 가평군 청평면 ,14045,618,1001,1330,1176,1935,2680,2718,1654,809,114,10,7179,313,532,750,641,1026,1425,1372,768,317,30,5,6866,305,469,580,535,909,1255,1346,886,492,84,5
2021,01,시군,경기도 고양시 ,1081175,81889,104814,150816,143262,182175,194901,122721,62076,33285,4894,342,529378,41795,53726,77253,70988,88179,95995,61523,26539,12043,1240,97,551797,40094,51088,73563,72274,93996,98906,61198,35537,21242,3654,245
2021,01,구,경기도 고양시 덕양구 ,478147,38517,41468,62787,68185,78812,82908,57521,30512,15119,2100,218,236307,19657,21203,32472,34354,39538,41288,28516,13165,5526,527,61,241840,18860,20265,30315,33831,39274,41620,29005,17347,9593,1573,157
2021,01,읍면동,경기도 고양시 덕양구 고양동,30396,2202,3131,3614,3290,5299,5091,4069,2466,1083,136,15,15278,1127,1653,1929,1695,2698,2677,1962,1071,418,42,6,15118,1075,1478,1685,1595,2601,2414,2107,1395,665,94,9
2021,01,읍면동,경기도 고양시 덕양구 관산동,36738,2138,2844,4348,4123,5746,6940,5839,3111,1399,208,42,18656,1099,1483,2403,2206,3034,3568,2871,1409,528,42,13,18082,1039,1361,1945,1917,2712,3372,2968,1702,871,166,29
2021,01,읍면동,경기도 고양시 덕양구 능곡동,15659,890,1218,2120,1828,2248,3162,2326,1190,570,95,12,8051,478,648,1184,977,1137,1604,1220,554,229,18,2,7608,412,570,936,851,1111,1558,1106,636,341,77,10
2021,01,읍면동,경기도 고양시 덕양구 대덕동,2485,80,131,384,268,299,467,458,257,120,15,6,1422,43,72,231,167,166,292,274,121,50,4,2,1063,37,59,153,101,133,175,184,136,70,11,4
2021,01,읍면동,경기도 고양시 덕양구 삼송동,23120,2321,1490,2729,4460,3799,3301,2744,1544,648,70,14,11164,1139,783,1286,2232,1924,1529,1310,705,237,14,5,11956,1182,707,1443,2228,1875,1772,1434,839,411,56,9
2021,01,읍면동,경기도 고양시 덕양구 성사1동 ,21886,1294,1847,3004,2552,3485,4224,2976,1573,810,111,10,10893,662,988,1574,1324,1773,2166,1435,644,305,21,1,10993,632,859,1430,1228,1712,2058,1541,929,505,90,9
2021,01,읍면동,경기도 고양시 덕양구 성사2동 ,11508,626,1070,1470,1290,1744,2126,1616,951,549,62,4,5565,312,550,793,669,822,1013,796,394,201,14,1,5943,314,520,677,621,922,1113,820,557,348,48,3
2021,01,읍면동,경기도 고양시 덕양구 원신동,23678,3089,1987,2256,3991,4288,3310,2804,1333,539,77,4,11378,1532,965,1148,1836,2208,1557,1302,620,190,19,1,12300,1557,1022,1108,2155,2080,1753,1502,713,349,58,3
2021,01,읍면동,경기도 고양시 덕양구 주교동,15048,570,1184,2122,1532,2153,3181,2352,1253,615,78,8,7758,311,645,1183,879,1111,1679,1187,535,208,16,4,7290,259,539,939,653,1042,1502,1165,718,407,62,4
2021,01,읍면동,경기도 고양시 덕양구 창릉동,21356,2591,1545,2371,4787,3700,2692,2122,1058,404,73,13,10659,1343,791,1151,2368,1909,1358,1060,501,154,23,1,10697,1248,754,1220,2419,1791,1334,1062,557,250,50,12
2021,01,읍면동,경기도 고양시 덕양구 행신1동 ,22082,1362,2057,3110,2726,3512,4278,2819,1373,745,94,6,10772,728,992,1606,1421,1687,2066,1443,529,276,23,1,11310,634,1065,1504,1305,1825,2212,1376,844,469,71,5
2021,01,읍면동,경기도 고양시 덕양구 행신2동 ,32331,2243,2830,4978,4855,4986,5985,3443,1839,1027,136,9,15883,1152,1451,2611,2492,2363,2922,1767,743,348,32,2,16448,1091,1379,2367,2363,2623,3063,1676,1096,679,104,7
2021,01,읍면동,경기도 고양시 덕양구 행신3동 ,46022,2720,4867,6960,5111,7450,9308,5235,2628,1504,235,4,22361,1393,2451,3625,2568,3549,4562,2588,1082,481,61,1,23661,1327,2416,3335,2543,3901,4746,2647,1546,1023,174,3
2021,01,읍면동,경기도 고양시 덕양구 행주동,19119,720,1228,2852,2289,2741,4025,2983,1423,745,107,6,9977,388,644,1560,1297,1487,2173,1541,607,261,18,1,9142,332,584,1292,992,1254,1852,1442,816,484,89,5
2021,01,읍면동,경기도 고양시 덕양구 화전동,27123,3836,1699,2995,6096,4654,3370,2617,1197,530,112,17,13482,1946,825,1499,2966,2494,1680,1267,577,192,31,5,13641,1890,874,1496,3130,2160,1690,1350,620,338,81,12
2021,01,읍면동,경기도 고양시 덕양구 화정1동 ,37992,1971,3682,6222,4260,5871,7556,4169,2545,1516,184,16,18472,1014,1912,3117,2201,2757,3687,2105,1002,610,63,4,19520,957,1770,3105,2059,3114,3869,2064,1543,906,121,12
2021,01,읍면동,경기도 고양시 덕양구 화정2동 ,33391,2617,3765,4646,4319,6204,5797,3129,1735,1044,130,5,16217,1347,1937,2365,2119,2886,2859,1606,667,394,36,1,17174,1270,1828,2281,2200,3318,2938,1523,1068,650,94,4
2021,01,읍면동,경기도 고양시 덕양구 효자동,12829,1884,917,1544,2762,2191,1639,1080,519,231,41,21,6255,943,423,701,1331,1169,804,535,246,77,16,10,6574,941,494,843,1431,1022,835,545,273,154,25,11
2021,01,읍면동,경기도 고양시 덕양구 흥도동,45384,5363,3976,5062,7646,8442,6456,4740,2517,1040,136,6,22064,2700,1990,2506,3606,4364,3092,2247,1158,367,34,0,23320,2663,1986,2556,4040,4078,3364,2493,1359,673,102,6
2021,01,구,경기도 고양시 일산동구,300665,20868,29618,45052,38658,51295,55985,33195,15670,8834,1426,64,146316,10678,15297,22709,18858,24306,27396,16804,6726,3168,353,21,154349,10190,14321,22343,19800,26989,28589,16391,8944,5666,1073,43
2021,01,읍면동,경기도 고양시 일산동구 고봉동 ,23074,1390,1532,2948,2934,3476,4584,3501,1656,866,182,5,12093,717,832,1674,1609,1885,2440,1814,788,308,24,2,10981,673,700,1274,1325,1591,2144,1687,868,558,158,3
2021,01,읍면동,경기도 고양시 일산동구 마두1동,24436,1407,3295,3831,2295,4194,4808,2590,1162,724,121,9,11764,721,1683,1910,1050,1888,2362,1365,501,248,33,3,12672,686,1612,1921,1245,2306,2446,1225,661,476,88,6
2021,01,읍면동,경기도 고양시 일산동구 마두2동,16637,1224,2231,2287,1570,2978,3123,1579,846,689,107,3,7887,631,1143,1151,688,1292,1554,799,346,244,38,1,8750,593,1088,1136,882,1686,1569,780,500,445,69,2
2021,01,읍면동,경기도 고양시 일산동구 백석1동,30848,2031,2750,4976,4562,5021,5733,3392,1490,781,107,5,14696,1035,1409,2435,2243,2315,2701,1642,594,295,25,2,16152,996,1341,2541,2319,2706,3032,1750,896,486,82,3
2021,01,읍면동,경기도 고양시 일산동구 백석2동,20946,886,1335,3456,3377,3740,3874,2338,1156,679,100,5,10098,432,708,1605,1651,1824,1973,1183,491,209,22,0,10848,454,627,1851,1726,1916,1901,1155,665,470,78,5
2021,01,읍면동,경기도 고양시 일산동구 식사동 ,36559,3626,4854,4927,4140,7270,6457,3104,1391,673,111,6,17818,1856,2498,2472,1853,3390,3262,1633,582,242,28,2,18741,1770,2356,2455,2287,3880,3195,1471,809,431,83,4
2021,01,읍면동,경기도 고양시 일산동구 장항1동,11003,1389,945,1192,1741,1997,1901,1186,453,162,34,3,5641,739,483,630,817,1034,979,650,236,67,5,1,5362,650,462,562,924,963,922,536,217,95,29,2
2021,01,읍면동,경기도 고양시 일산동구 장항2동,26957,1104,1586,5037,4854,4821,4812,2539,1252,841,107,4,13103,573,798,2323,2457,2329,2395,1344,506,346,30,2,13854,531,788,2714,2397,2492,2417,1195,746,495,77,2
2021,01,읍면동,경기도 고양시 일산동구 정발산동,23717,1236,2095,4037,2911,3629,4487,3004,1451,749,113,5,11457,649,1039,2104,1514,1676,2075,1456,644,267,30,3,12260,587,1056,1933,1397,1953,2412,1548,807,482,83,2
2021,01,읍면동,경기도 고양시 일산동구 중산동 ,47414,3412,4477,6956,5556,7404,9203,5750,2752,1607,282,15,22909,1724,2369,3665,2698,3503,4293,2856,1171,552,73,5,24505,1688,2108,3291,2858,3901,4910,2894,1581,1055,209,10
2021,01,읍면동,경기도 고양시 일산동구 풍산동 ,39074,3163,4518,5405,4718,6765,7003,4212,2061,1063,162,4,18850,1601,2335,2740,2278,3170,3362,2062,867,390,45,0,20224,1562,2183,2665,2440,3595,3641,2150,1194,673,117,4
2021,01,구,경기도 고양시 일산서구,302363,22504,33728,42977,36419,52068,56008,32005,15894,9332,1368,60,146755,11460,17226,22072,17776,24335,27311,16203,6648,3349,360,15,155608,11044,16502,20905,18643,27733,28697,15802,9246,5983,1008,45
2021,01,읍면동,경기도 고양시 일산서구 대화동 ,36567,2278,3057,6414,5349,5717,6809,3959,1877,962,137,8,17686,1147,1633,3060,2720,2714,3252,1977,815,332,33,3,18881,1131,1424,3354,2629,3003,3557,1982,1062,630,104,5
2021,01,읍면동,경기도 고양시 일산서구 송산동 ,51983,4577,6369,6723,5777,9802,9440,5394,2491,1218,184,8,25665,2320,3194,3551,2738,4687,4847,2728,1103,458,37,2,26318,2257,3175,3172,3039,5115,4593,2666,1388,760,147,6
2021,01,읍면동,경기도 고양시 일산서구 송포동 ,21878,1644,2273,3144,2932,3751,4003,2342,1116,596,74,3,10801,811,1164,1719,1405,1757,1979,1187,510,250,17,2,11077,833,1109,1425,1527,1994,2024,1155,606,346,57,1
2021,01,읍면동,경기도 고양시 일산서구 일산1동,27665,1990,2670,3997,3236,4315,5260,3329,1818,909,131,10,13372,986,1333,2070,1626,2030,2523,1651,771,347,34,1,14293,1004,1337,1927,1610,2285,2737,1678,1047,562,97,9
2021,01,읍면동,경기도 고양시 일산서구 일산2동,18679,918,1478,2792,1939,2561,4189,2766,1235,695,101,5,9284,446,795,1467,991,1269,2078,1434,525,251,28,0,9395,472,683,1325,948,1292,2111,1332,710,444,73,5
2021,01,읍면동,경기도 고양시 일산서구 일산3동,36048,2636,5834,4798,3531,7166,6566,3172,1354,840,146,5,17522,1387,2998,2467,1704,3183,3198,1677,572,295,40,1,18526,1249,2836,2331,1827,3983,3368,1495,782,545,106,4
2021,01,읍면동,경기도 고양시 일산서구 주엽1동,28152,1877,3253,3751,3304,4678,5013,3112,1726,1259,171,8,13160,953,1626,1926,1544,2065,2348,1532,675,435,53,3,14992,924,1627,1825,1760,2613,2665,1580,1051,824,118,5
2021,01,읍면동,경기도 고양시 일산서구 주엽2동,29332,2011,3224,3841,3295,4868,5194,3273,1952,1457,208,9,13739,1052,1616,1931,1577,2211,2416,1623,751,496,63,3,15593,959,1608,1910,1718,2657,2778,1650,1201,961,145,6
2021,01,읍면동,경기도 고양시 일산서구 탄현동 ,52059,4573,5570,7517,7056,9210,9534,4658,2325,1396,216,4,25526,2358,2867,3881,3471,4419,4670,2394,926,485,55,0,26533,2215,2703,3636,3585,4791,4864,2264,1399,911,161,4
2021,01,시군,경기도 과천시 ,64549,5377,6435,8825,8987,9758,11280,7714,3789,1940,391,53,31675,2784,3321,4630,4536,4694,5476,3765,1667,704,88,10,32874,2593,3114,4195,4451,5064,5804,3949,2122,1236,303,43
2021,01,읍면동,경기도 과천시 갈현동 ,11182,1287,1505,1219,1389,2141,1743,1020,552,273,48,5,5438,655,752,644,623,1029,888,501,222,110,14,0,5744,632,753,575,766,1112,855,519,330,163,34,5
2021,01,읍면동,경기도 과천시 과천동 ,9647,657,611,1294,1680,1429,1563,1398,697,275,40,3,5039,327,334,719,964,778,775,688,334,107,13,0,4608,330,277,575,716,651,788,710,363,168,27,3
2021,01,읍면동,경기도 과천시 문원동 ,7894,601,861,1036,970,1284,1336,925,585,234,48,14,3838,317,452,557,504,612,662,405,243,75,8,3,4056,284,409,479,466,672,674,520,342,159,40,11
2021,01,읍면동,경기도 과천시 별양동 ,10310,629,1080,1664,1197,1354,2024,1249,603,407,90,13,4914,333,549,841,594,609,970,593,255,144,22,4,5396,296,531,823,603,745,1054,656,348,263,68,9
2021,01,읍면동,경기도 과천시 부림동 ,14416,1372,1392,1991,2266,2094,2547,1578,706,382,83,5,7067,717,741,1014,1124,998,1218,787,318,134,15,1,7349,655,651,977,1142,1096,1329,791,388,248,68,4
2021,01,읍면동,경기도 과천시 중앙동 ,11100,831,986,1621,1485,1456,2067,1544,646,369,82,13,5379,435,493,855,727,668,963,791,295,134,16,2,5721,396,493,766,758,788,1104,753,351,235,66,11
2021,01,시군,경기도 광명시 ,297748,23039,30438,38088,40935,51316,49599,37737,17858,7439,1155,144,146858,11814,15638,19948,20646,25359,24733,17910,8048,2467,259,36,150890,11225,14800,18140,20289,25957,24866,19827,9810,4972,896,108
2021,01,읍면동,경기도 광명시 광명1동,574,5,18,67,87,75,146,120,37,11,5,3,302,4,10,36,47,45,80,58,17,4,1,0,272,1,8,31,40,30,66,62,20,7,4,3
2021,01,읍면동,경기도 광명시 광명2동,3519,125,201,422,397,510,643,659,393,146,19,4,1775,72,97,232,224,279,331,306,175,48,10,1,1744,53,104,190,173,231,312,353,218,98,9,3
2021,01,읍면동,경기도 광명시 광명3동,9895,363,628,1318,1160,1408,1891,1744,977,353,47,6,4801,182,332,699,633,725,905,761,424,128,9,3,5094,181,296,619,527,683,986,983,553,225,38,3
2021,01,읍면동,경기도 광명시 광명4동,14103,692,938,1911,1846,2014,2484,2415,1276,445,63,19,6897,351,461,999,989,1013,1226,1123,568,146,16,5,7206,341,477,912,857,1001,1258,1292,708,299,47,14
2021,01,읍면동,경기도 광명시 광명5동,14696,863,1289,1872,1806,2344,2540,2258,1192,466,60,6,7251,451,672,1024,940,1190,1224,1036,539,160,13,2,7445,412,617,848,866,1154,1316,1222,653,306,47,4
2021,01,읍면동,경기도 광명시 광명6동,10840,842,1162,1305,1279,1851,1821,1498,759,278,36,9,5349,394,604,676,649,911,917,724,368,99,6,1,5491,448,558,629,630,940,904,774,391,179,30,8
2021,01,읍면동,경기도 광명시 광명7동,18482,1187,1669,2502,2378,2844,3221,2783,1313,505,73,7,9103,575,838,1337,1237,1422,1542,1331,616,184,20,1,9379,612,831,1165,1141,1422,1679,1452,697,321,53,6
2021,01,읍면동,경기도 광명시 소하1동,32041,3026,4271,3688,4003,6166,4849,3684,1589,634,114,17,15678,1539,2187,1951,1880,2967,2426,1754,747,196,27,4,16363,1487,2084,1737,2123,3199,2423,1930,842,438,87,13
2021,01,읍면동,경기도 광명시 소하2동,51121,4802,5026,6999,8469,8735,8103,5496,2406,918,152,15,25707,2482,2555,3687,4296,4452,4123,2650,1119,304,33,6,25414,2320,2471,3312,4173,4283,3980,2846,1287,614,119,9
2021,01,읍면동,경기도 광명시 철산1동,11145,940,1423,1446,1457,2083,1842,1184,524,213,32,1,5488,488,738,749,719,977,919,573,242,77,6,0,5657,452,685,697,738,1106,923,611,282,136,26,1
2021,01,읍면동,경기도 광명시 철산2동,8796,358,583,1291,1201,1297,1833,1349,563,267,47,7,4607,180,314,682,686,683,997,697,253,101,11,3,4189,178,269,609,515,614,836,652,310,166,36,4
2021,01,읍면동,경기도 광명시 철산3동,32922,2864,4202,4203,3870,6130,5510,3803,1561,667,104,8,16108,1463,2181,2164,1801,2878,2729,1873,759,236,21,3,16814,1401,2021,2039,2069,3252,2781,1930,802,431,83,5
2021,01,읍면동,경기도 광명시 철산4동,13513,1043,1228,1696,2348,2332,2181,1622,773,257,31,2,6764,539,641,907,1181,1177,1112,760,355,87,5,0,6749,504,587,789,1167,1155,1069,862,418,170,26,2
2021,01,읍면동,경기도 광명시 하안1동,26456,2344,3251,3281,2969,5009,4530,3085,1339,539,102,7,13214,1223,1650,1755,1464,2463,2319,1521,631,166,21,1,13242,1121,1601,1526,1505,2546,2211,1564,708,373,81,6
2021,01,읍면동,경기도 광명시 하안2동,14192,1015,1114,1725,2540,2440,2195,1692,867,506,82,16,6711,509,574,856,1320,1216,1020,709,343,142,19,3,7481,506,540,869,1220,1224,1175,983,524,364,63,13
2021,01,읍면동,경기도 광명시 하안3동,20633,1484,1894,2501,2864,3519,3346,2584,1487,812,133,9,9720,795,971,1241,1400,1724,1624,1164,539,233,28,1,10913,689,923,1260,1464,1795,1722,1420,948,579,105,8
2021,01,읍면동,경기도 광명시 하안4동,12609,1020,1455,1663,2032,2336,2037,1225,545,261,34,1,6125,531,758,840,1044,1100,981,561,218,86,6,0,6484,489,697,823,988,1236,1056,664,327,175,28,1
2021,01,읍면동,경기도 광명시 학온동 ,2211,66,86,198,229,223,427,536,257,161,21,7,1258,36,55,113,136,137,258,309,135,70,7,2,953,30,31,85,93,86,169,227,122,91,14,5
2021,01,시군,경기도 광주시 ,382578,34957,33621,45203,57679,66904,63681,48609,22150,8403,1267,104,195548,17955,17183,23946,30013,35375,32482,24389,10685,3214,279,27,187030,17002,16438,21257,27666,31529,31199,24220,11465,5189,988,77
2021,01,읍면동,경기도 광주시 경안동 ,25043,1995,2270,3356,3549,4125,4406,3137,1520,589,82,14,12904,1051,1169,1817,1857,2156,2353,1578,702,201,14,6,12139,944,1101,1539,1692,1969,2053,1559,818,388,68,8
2021,01,읍면동,경기도 광주시 곤지암읍,23007,1394,1814,2824,2777,3565,4563,3494,1640,811,105,20,12287,710,962,1576,1559,1921,2548,1873,798,308,25,7,10720,684,852,1248,1218,1644,2015,1621,842,503,80,13
2021,01,읍면동,경기도 광주시 광남1동,33648,2711,2680,4255,4918,5729,5986,4679,1951,635,102,2,17307,1393,1383,2271,2593,3073,3023,2340,970,242,19,0,16341,1318,1297,1984,2325,2656,2963,2339,981,393,83,2
2021,01,읍면동,경기도 광주시 광남2동,33994,5378,3960,3040,6226,7130,4015,2628,1187,370,59,1,16869,2712,2052,1518,2933,3634,2037,1241,578,155,9,0,17125,2666,1908,1522,3293,3496,1978,1387,609,215,50,1
2021,01,읍면동,경기도 광주시 남종면 ,1507,43,63,111,92,156,270,385,230,138,19,0,783,23,35,60,51,83,147,210,107,60,7,0,724,20,28,51,41,73,123,175,123,78,12,0
2021,01,읍면동,경기도 광주시 남한산성면,2605,145,203,185,222,360,494,510,299,155,31,1,1393,73,106,96,123,202,286,285,146,71,5,0,1212,72,97,89,99,158,208,225,153,84,26,1
2021,01,읍면동,경기도 광주시 도척면 ,9407,467,641,999,995,1357,1831,1781,830,425,72,9,5175,246,337,581,575,817,1028,984,428,158,19,2,4232,221,304,418,420,540,803,797,402,267,53,7
2021,01,읍면동,경기도 광주시 송정동 ,22162,1694,2026,2815,2980,3768,3968,3000,1373,462,72,4,11151,830,988,1478,1587,1961,1987,1492,652,160,16,0,11011,864,1038,1337,1393,1807,1981,1508,721,302,56,4
2021,01,읍면동,경기도 광주시 쌍령동 ,18391,1951,1653,2371,2929,3218,3039,2082,840,264,40,4,9170,1010,802,1219,1459,1652,1460,1044,404,116,4,0,9221,941,851,1152,1470,1566,1579,1038,436,148,36,4
2021,01,읍면동,경기도 광주시 오포읍 ,112327,11232,8730,13533,19993,20017,17274,13068,5974,2150,336,20,56856,5823,4472,7080,10394,10653,8374,6327,2824,821,82,6,55471,5409,4258,6453,9599,9364,8900,6741,3150,1329,254,14
2021,01,읍면동,경기도 광주시 초월읍 ,46215,3764,4716,5551,6226,8243,7951,5833,2675,1090,161,5,24020,1959,2372,2959,3273,4387,4271,3068,1291,408,31,1,22195,1805,2344,2592,2953,3856,3680,2765,1384,682,130,4
2021,01,읍면동,경기도 광주시 탄벌동 ,39139,3104,3646,4999,5316,6812,7335,5061,2051,709,89,17,19915,1589,1846,2644,2857,3501,3652,2521,998,279,25,3,19224,1515,1800,2355,2459,3311,3683,2540,1053,430,64,14
2021,01,읍면동,경기도 광주시 퇴촌면 ,15133,1079,1219,1164,1456,2424,2549,2951,1580,605,99,7,7718,536,659,647,752,1335,1316,1426,787,235,23,2,7415,543,560,517,704,1089,1233,1525,793,370,76,5
2021,01,시군,경기도 구리시 ,197217,15049,18093,27239,26228,32722,35771,24672,11757,4899,704,83,97836,7774,9332,13978,13189,16343,17596,12331,5272,1807,187,27,99381,7275,8761,13261,13039,16379,18175,12341,6485,3092,517,56
2021,01,읍면동,경기도 구리시 갈매동 ,31443,4587,2273,3323,6021,5753,4247,3308,1441,414,73,3,15601,2377,1138,1648,2893,3077,2019,1586,714,130,17,2,15842,2210,1135,1675,3128,2676,2228,1722,727,284,56,1
2021,01,읍면동,경기도 구리시 교문1동,16387,728,1086,2236,2027,2471,3237,2595,1333,564,83,27,8344,376,520,1160,1115,1335,1657,1319,615,211,25,11,8043,352,566,1076,912,1136,1580,1276,718,353,58,16
2021,01,읍면동,경기도 구리시 교문2동,22314,1599,2766,3057,2517,3871,3943,2723,1219,537,76,6,10829,811,1397,1579,1223,1788,1909,1331,557,214,19,1,11485,788,1369,1478,1294,2083,2034,1392,662,323,57,5
2021,01,읍면동,경기도 구리시 동구동 ,38139,2724,3992,5648,4585,6385,7275,4304,2094,987,139,6,18830,1438,2116,2919,2304,3051,3497,2191,895,376,41,2,19309,1286,1876,2729,2281,3334,3778,2113,1199,611,98,4
2021,01,읍면동,경기도 구리시 수택1동,17877,733,1227,2748,2114,2567,3696,2852,1328,524,78,10,8900,401,637,1357,1136,1295,1850,1446,575,180,20,3,8977,332,590,1391,978,1272,1846,1406,753,344,58,7
2021,01,읍면동,경기도 구리시 수택2동,25671,1325,2115,3818,3199,3732,5066,3810,1742,747,102,15,12784,664,1106,2011,1642,1941,2483,1895,752,268,18,4,12887,661,1009,1807,1557,1791,2583,1915,990,479,84,11
2021,01,읍면동,경기도 구리시 수택3동,21855,1596,2261,3036,2721,3993,3979,2417,1233,534,77,8,11040,816,1173,1617,1385,1944,2060,1256,556,212,20,1,10815,780,1088,1419,1336,2049,1919,1161,677,322,57,7
2021,01,읍면동,경기도 구리시 인창동 ,23531,1757,2373,3373,3044,3950,4328,2663,1367,592,76,8,11508,891,1245,1687,1491,1912,2121,1307,608,216,27,3,12023,866,1128,1686,1553,2038,2207,1356,759,376,49,5
2021,01,시군,경기도 군포시 ,273542,20505,26493,38199,38131,44321,48122,33731,15182,7577,1206,75,135726,10495,13667,19969,19772,21832,23497,16624,6829,2687,333,21,137816,10010,12826,18230,18359,22489,24625,17107,8353,4890,873,54
2021,01,읍면동,경기도 군포시 광정동 ,25397,1761,2757,3657,3233,4267,4424,2816,1396,908,167,11,12347,915,1430,1841,1618,1998,2245,1364,598,292,45,1,13050,846,1327,1816,1615,2269,2179,1452,798,616,122,10
2021,01,읍면동,경기도 군포시 군포1동,33780,1992,2644,5445,4655,5066,6565,4578,1914,779,130,12,17818,1015,1383,2999,2655,2722,3424,2375,905,298,38,4,15962,977,1261,2446,2000,2344,3141,2203,1009,481,92,8
2021,01,읍면동,경기도 군포시 군포2동,53708,4697,6197,7236,7172,9235,9339,6054,2514,1075,176,13,26668,2420,3174,3755,3643,4503,4518,3039,1194,375,43,4,27040,2277,3023,3481,3529,4732,4821,3015,1320,700,133,9
2021,01,읍면동,경기도 군포시 궁내동 ,21055,1848,3140,2539,2216,4129,3579,1972,938,609,82,3,10246,972,1581,1345,1046,1883,1782,983,408,214,32,0,10809,876,1559,1194,1170,2246,1797,989,530,395,50,3
2021,01,읍면동,경기도 군포시 금정동 ,17444,867,1169,2757,2338,2491,3512,2700,1112,421,68,9,9067,464,608,1484,1312,1343,1801,1354,533,150,15,3,8377,403,561,1273,1026,1148,1711,1346,579,271,53,6
2021,01,읍면동,경기도 군포시 대야동 ,20614,2253,1746,2608,3725,3326,3264,2306,934,379,68,5,10354,1128,910,1313,1903,1730,1560,1193,463,133,18,3,10260,1125,836,1295,1822,1596,1704,1113,471,246,50,2
2021,01,읍면동,경기도 군포시 산본1동,16074,656,850,2494,2183,2090,3045,2709,1359,581,99,8,8053,346,446,1354,1251,1113,1437,1284,611,189,21,1,8021,310,404,1140,932,977,1608,1425,748,392,78,7
2021,01,읍면동,경기도 군포시 산본2동,27313,2278,2774,3745,3535,4427,4794,3577,1379,681,120,3,13256,1164,1439,1930,1717,2090,2226,1777,632,249,31,1,14057,1114,1335,1815,1818,2337,2568,1800,747,432,89,2
2021,01,읍면동,경기도 군포시 수리동 ,16830,1047,1624,2111,2124,2713,2967,2128,1211,797,103,5,8020,493,839,1079,1085,1311,1402,976,497,298,37,3,8810,554,785,1032,1039,1402,1565,1152,714,499,66,2
2021,01,읍면동,경기도 군포시 오금동 ,22130,1918,2152,2850,3736,3785,3476,2337,1136,653,86,1,10769,967,1131,1481,1867,1813,1646,1104,476,258,26,0,11361,951,1021,1369,1869,1972,1830,1233,660,395,60,1
2021,01,읍면동,경기도 군포시 재궁동 ,19197,1188,1440,2757,3214,2792,3157,2554,1289,694,107,5,9128,611,726,1388,1675,1326,1456,1175,512,231,27,1,10069,577,714,1369,1539,1466,1701,1379,777,463,80,4
2021,01,시군,경기도 김포시 ,477332,55468,48102,52445,76728,89210,67232,50063,25901,10575,1533,75,239165,28281,24514,27065,37701,46467,34298,24374,12081,4002,362,20,238167,27187,23588,25380,39027,42743,32934,25689,13820,6573,1171,55
2021,01,읍면동,경기도 김포시 고촌읍 ,45840,6207,4344,4315,8453,8611,5848,4928,2173,816,132,13,22880,3233,2245,2159,4053,4474,2891,2383,1105,307,28,2,22960,2974,2099,2156,4400,4137,2957,2545,1068,509,104,11
2021,01,읍면동,경기도 김포시 구래동 ,42016,6432,3619,5375,9911,8048,3885,2877,1369,431,67,2,20919,3266,1770,2585,4989,4366,1854,1286,627,162,13,1,21097,3166,1849,2790,4922,3682,2031,1591,742,269,54,1
2021,01,읍면동,경기도 김포시 김포본동,62081,6022,6444,7949,8443,10809,10476,6726,3455,1549,198,10,30598,2997,3304,4228,4069,5311,5196,3344,1512,583,51,3,31483,3025,3140,3721,4374,5498,5280,3382,1943,966,147,7
2021,01,읍면동,경기도 김포시 대곶면 ,9794,322,539,909,863,1254,2176,2062,1075,507,85,2,5712,176,292,569,544,800,1380,1189,536,204,22,0,4082,146,247,340,319,454,796,873,539,303,63,2
2021,01,읍면동,경기도 김포시 마산동 ,33147,5269,2831,2941,7395,6418,3221,2850,1640,497,83,2,16428,2689,1411,1438,3675,3464,1535,1242,768,183,22,1,16719,2580,1420,1503,3720,2954,1686,1608,872,314,61,1
2021,01,읍면동,경기도 김포시 사우동 ,22837,1587,2097,3213,2865,3791,4220,2815,1497,658,87,7,11435,835,1100,1707,1467,1940,2106,1351,669,244,16,0,11402,752,997,1506,1398,1851,2114,1464,828,414,71,7
2021,01,읍면동,경기도 김포시 양촌읍 ,28972,2331,2490,2985,3861,4805,5022,4256,2152,906,155,9,15264,1170,1279,1621,2156,2714,2757,2176,1023,333,31,4,13708,1161,1211,1364,1705,2091,2265,2080,1129,573,124,5
2021,01,읍면동,경기도 김포시 운양동 ,49606,7605,5207,4618,9261,10803,5612,3838,1922,642,98,0,24274,3891,2657,2241,4203,5642,2746,1724,890,255,25,0,25332,3714,2550,2377,5058,5161,2866,2114,1032,387,73,0
2021,01,읍면동,경기도 김포시 월곶면 ,5518,147,250,525,396,596,1172,1285,711,355,76,5,3033,69,123,319,232,373,675,707,385,134,15,1,2485,78,127,206,164,223,497,578,326,221,61,4
2021,01,읍면동,경기도 김포시 장기동 ,41065,5761,5037,3855,6734,9039,4797,3311,1792,650,87,2,20221,2952,2479,2010,3188,4629,2430,1494,788,235,16,0,20844,2809,2558,1845,3546,4410,2367,1817,1004,415,71,2
2021,01,읍면동,경기도 김포시 장기본동,39322,5013,5539,3930,5697,8435,5020,3193,1752,656,84,3,19186,2505,2810,1966,2634,4170,2536,1471,816,258,18,2,20136,2508,2729,1964,3063,4265,2484,1722,936,398,66,1
2021,01,읍면동,경기도 김포시 통진읍 ,26703,1670,2283,3227,2920,4036,5150,4188,2035,1038,151,5,14279,860,1238,1932,1651,2261,2795,2221,913,362,44,2,12424,810,1045,1295,1269,1775,2355,1967,1122,676,107,3
2021,01,읍면동,경기도 김포시 풍무동 ,62247,6840,6972,7788,9279,11685,8944,5975,3290,1311,155,8,30477,3496,3555,3798,4453,5775,4444,2841,1553,523,37,2,31770,3344,3417,3990,4826,5910,4500,3134,1737,788,118,6
2021,01,읍면동,경기도 김포시 하성면 ,8184,262,450,815,650,880,1689,1759,1038,559,75,7,4459,142,251,492,387,548,953,945,496,219,24,2,3725,120,199,323,263,332,736,814,542,340,51,5
2021,01,시군,경기도 남양주시,714822,64619,77390,85165,89274,130410,117419,83886,45017,18728,2689,225,355980,33225,39755,44447,44020,65418,59953,40919,20521,7044,617,61,358842,31394,37635,40718,45254,64992,57466,42967,24496,11684,2072,164
2021,01,읍면동,경기도 남양주시 금곡동,18981,726,1193,2512,2115,2287,3897,3575,1647,878,135,16,9677,372,631,1397,1198,1210,1944,1816,766,305,32,6,9304,354,562,1115,917,1077,1953,1759,881,573,103,10
2021,01,읍면동,경기도 남양주시 다산1동 ,77961,10289,8147,8945,13139,15185,10212,7003,3475,1350,200,16,38313,5233,4096,4487,6245,7744,5035,3264,1684,492,32,1,39648,5056,4051,4458,6894,7441,5177,3739,1791,858,168,15
2021,01,읍면동,경기도 남양주시 다산2동 ,36306,4832,3767,3841,5916,7311,5147,3413,1425,553,86,15,17689,2460,1928,1947,2693,3697,2513,1575,657,195,19,5,18617,2372,1839,1894,3223,3614,2634,1838,768,358,67,10
2021,01,읍면동,경기도 남양주시 별내동,74076,8540,6791,9046,11942,13317,10916,8282,3647,1367,212,16,36044,4351,3352,4493,5785,6630,5220,3978,1734,461,36,4,38032,4189,3439,4553,6157,6687,5696,4304,1913,906,176,12
2021,01,읍면동,경기도 남양주시 별내면,19736,1213,1948,2505,1796,3282,3621,2752,1729,761,108,21,9881,623,1059,1254,936,1644,1891,1339,769,328,33,5,9855,590,889,1251,860,1638,1730,1413,960,433,75,16
2021,01,읍면동,경기도 남양주시 수동면,9048,350,549,817,758,1051,1798,1955,1130,498,132,10,4741,193,309,473,412,585,988,1016,548,186,25,6,4307,157,240,344,346,466,810,939,582,312,107,4
2021,01,읍면동,경기도 남양주시 양정동,4616,168,198,525,499,485,906,1084,495,224,24,8,2614,83,101,314,308,316,510,643,244,89,6,0,2002,85,97,211,191,169,396,441,251,135,18,8
2021,01,읍면동,경기도 남양주시 오남읍,53672,3988,6604,6742,5421,10251,9619,5785,3543,1522,192,5,27010,2071,3370,3620,2733,5149,5080,2831,1533,574,47,2,26662,1917,3234,3122,2688,5102,4539,2954,2010,948,145,3
2021,01,읍면동,경기도 남양주시 와부읍,62433,4096,7425,7853,6031,11102,11177,7682,4798,1942,296,31,30793,2138,3802,4154,2969,5288,5667,3675,2235,776,81,8,31640,1958,3623,3699,3062,5814,5510,4007,2563,1166,215,23
2021,01,읍면동,경기도 남양주시 조안면,4204,195,253,405,423,530,776,877,481,223,38,3,2177,101,125,231,223,274,421,458,243,92,6,3,2027,94,128,174,200,256,355,419,238,131,32,0
2021,01,읍면동,경기도 남양주시 진건읍,24252,1053,1910,3315,2335,3351,5184,4040,1972,942,137,13,12589,587,973,1827,1264,1791,2749,2139,882,348,28,1,11663,466,937,1488,1071,1560,2435,1901,1090,594,109,12
2021,01,읍면동,경기도 남양주시 진접읍,93055,8272,11442,10558,10342,17432,15174,11037,5949,2521,312,16,46964,4283,5919,5594,5136,8765,8059,5487,2673,960,84,4,46091,3989,5523,4964,5206,8667,7115,5550,3276,1561,228,12
2021,01,읍면동,경기도 남양주시 퇴계원읍,29751,1737,2582,4145,3345,4287,5752,4574,2235,979,106,9,14838,862,1353,2203,1775,2147,2760,2321,1030,358,26,3,14913,875,1229,1942,1570,2140,2992,2253,1205,621,80,6
2021,01,읍면동,경기도 남양주시 평내동,36717,3264,5028,4502,4332,7430,5869,3430,1897,845,117,3,18058,1648,2582,2273,2114,3622,3015,1634,832,310,28,0,18659,1616,2446,2229,2218,3808,2854,1796,1065,535,89,3
2021,01,읍면동,경기도 남양주시 호평동,51121,5420,6749,5625,6158,10841,7530,4597,2909,1111,172,9,24919,2804,3470,2927,2841,5233,3842,2072,1250,435,42,3,26202,2616,3279,2698,3317,5608,3688,2525,1659,676,130,6
2021,01,읍면동,경기도 남양주시 화도읍,104163,8846,11515,12243,12497,19760,17531,11907,6834,2634,363,33,52207,4576,6012,6426,6258,10033,9062,5725,3039,984,83,9,51956,4270,5503,5817,6239,9727,8469,6182,3795,1650,280,24
2021,01,읍면동,경기도 남양주시 화도읍동부출장소,14730,1630,1289,1586,2225,2508,2310,1893,851,378,59,1,7466,840,673,827,1130,1290,1197,946,402,151,9,1,7264,790,616,759,1095,1218,1113,947,449,227,50,0
2021,01,시군,경기도 동두천시,94443,6247,8603,11286,10177,14316,16520,13340,8795,4449,625,85,47077,3234,4332,6140,5236,7418,8677,6537,3669,1636,177,21,47366,3013,4271,5146,4941,6898,7843,6803,5126,2813,448,64
2021,01,읍면동,경기도 동두천시 보산동,3097,150,208,334,288,388,581,543,389,188,26,2,1470,68,96,200,150,200,285,269,139,57,6,0,1627,82,112,134,138,188,296,274,250,131,20,2
2021,01,읍면동,경기도 동두천시 불현동,27571,1916,2636,3525,3020,4156,4942,3772,2309,1136,147,12,13606,970,1326,1882,1536,2076,2528,1868,957,417,42,4,13965,946,1310,1643,1484,2080,2414,1904,1352,719,105,8
2021,01,읍면동,경기도 동두천시 상패동,5424,244,284,589,625,634,1017,983,647,330,62,9,2868,138,137,338,363,366,579,522,289,115,18,3,2556,106,147,251,262,268,438,461,358,215,44,6
2021,01,읍면동,경기도 동두천시 생연1동 ,6992,480,590,749,769,952,1258,1124,658,369,40,3,3473,257,279,421,393,501,647,551,275,137,12,0,3519,223,311,328,376,451,611,573,383,232,28,3
2021,01,읍면동,경기도 동두천시 생연2동 ,11900,756,1211,1331,1172,1900,2016,1635,1172,635,65,7,5853,404,616,744,578,973,1052,763,461,245,15,2,6047,352,595,587,594,927,964,872,711,390,50,5
2021,01,읍면동,경기도 동두천시 소요동,8798,392,508,929,777,1168,1600,1650,1110,563,79,22,4549,194,276,536,410,674,870,829,527,204,25,4,4249,198,232,393,367,494,730,821,583,359,54,18
2021,01,읍면동,경기도 동두천시 송내동,25527,2166,2961,3324,3093,4531,4060,2552,1853,859,123,5,12583,1124,1494,1744,1557,2273,2114,1157,745,344,29,2,12944,1042,1467,1580,1536,2258,1946,1395,1108,515,94,3
2021,01,읍면동,경기도 동두천시 중앙동,5134,143,205,505,433,587,1046,1081,657,369,83,25,2675,79,108,275,249,355,602,578,276,117,30,6,2459,64,97,230,184,232,444,503,381,252,53,19
2021,01,시군,경기도 부천시 ,817449,56594,70237,117030,115524,128827,147397,111658,46848,19945,3135,254,405464,29054,36055,60382,59342,64865,71541,55125,21619,6706,713,62,411985,27540,34182,56648,56182,63962,75856,56533,25229,13239,2422,192
2021,01,읍면동,경기도 부천시 대산동 ,81918,4660,6346,11617,11231,12351,14719,12515,5741,2343,364,31,40528,2399,3268,6148,5960,6255,7017,5934,2608,859,72,8,41390,2261,3078,5469,5271,6096,7702,6581,3133,1484,292,23
2021,01,읍면동,경기도 부천시 범안동 ,96152,9672,9252,11413,14428,17310,14409,11687,5247,2306,387,41,47186,4961,4624,5893,7021,8828,6909,5592,2457,794,94,13,48966,4711,4628,5520,7407,8482,7500,6095,2790,1512,293,28
2021,01,읍면동,경기도 부천시 부천동 ,90001,5551,7216,12920,12010,13820,16570,13224,5899,2435,322,34,45097,2846,3768,6779,6260,7208,8176,6413,2699,849,89,10,44904,2705,3448,6141,5750,6612,8394,6811,3200,1586,233,24
2021,01,읍면동,경기도 부천시 상동,86414,7920,9911,12161,12546,15305,15283,8851,2922,1271,238,6,42474,4023,5085,6216,6023,7213,7400,4670,1390,398,53,3,43940,3897,4826,5945,6523,8092,7883,4181,1532,873,185,3
2021,01,읍면동,경기도 부천시 성곡동 ,83881,4470,7091,12595,9726,12632,16967,12040,5448,2524,362,26,42022,2243,3690,6647,5228,6394,8528,6010,2380,816,81,5,41859,2227,3401,5948,4498,6238,8439,6030,3068,1708,281,21
2021,01,읍면동,경기도 부천시 소사본동,57203,3744,4360,7874,8233,7935,10297,9052,3907,1551,228,22,28225,1926,2181,4103,4344,3961,4830,4387,1886,544,59,4,28978,1818,2179,3771,3889,3974,5467,4665,2021,1007,169,18
2021,01,읍면동,경기도 부천시 신중동 ,131433,9853,11339,19514,21614,20616,22816,16703,5841,2623,494,20,63552,5074,5740,9539,10677,9852,10560,8447,2722,831,107,3,67881,4779,5599,9975,10937,10764,12256,8256,3119,1792,387,17
2021,01,읍면동,경기도 부천시 심곡동 ,64125,2995,3900,10121,9459,9615,11657,9761,4592,1742,249,34,32530,1588,1987,5146,5200,5241,5846,4692,2162,621,40,7,31595,1407,1913,4975,4259,4374,5811,5069,2430,1121,209,27
2021,01,읍면동,경기도 부천시 오정동 ,84489,4985,6954,12680,10818,12879,16919,11940,4862,2126,300,26,43207,2582,3682,6783,5858,6788,8544,6059,2168,670,68,5,41282,2403,3272,5897,4960,6091,8375,5881,2694,1456,232,21
2021,01,읍면동,경기도 부천시 중동,41833,2744,3868,6135,5459,6364,7760,5885,2389,1024,191,14,20643,1412,2030,3128,2771,3125,3731,2921,1147,324,50,4,21190,1332,1838,3007,2688,3239,4029,2964,1242,700,141,10
2021,01,시군,경기도 성남시 ,939774,68301,87577,132058,136762,156911,155826,114432,58135,25087,4178,507,465278,34941,44885,67737,69451,77406,77841,56039,26467,9323,1051,137,474496,33360,42692,64321,67311,79505,77985,58393,31668,15764,3127,370
2021,01,구,경기도 성남시 분당구 ,482064,39402,53577,65694,69727,86431,76471,49780,25556,12991,2335,100,233687,20255,27393,33061,33544,40265,37631,24302,11603,4971,642,20,248377,19147,26184,32633,36183,46166,38840,25478,13953,8020,1693,80
2021,01,읍면동,경기도 성남시 분당구 구미1동 ,17808,1325,1691,2732,2785,2978,2940,1835,942,482,96,2,8595,696,817,1312,1380,1416,1420,912,418,197,27,0,9213,629,874,1420,1405,1562,1520,923,524,285,69,2
2021,01,읍면동,경기도 성남시 분당구 구미동,31389,2204,2734,4538,4512,4984,5248,3520,2118,1241,279,11,15068,1094,1426,2297,2196,2310,2506,1752,926,462,99,0,16321,1110,1308,2241,2316,2674,2742,1768,1192,779,180,11
2021,01,읍면동,경기도 성남시 분당구 금곡동,28797,1909,2348,4064,4660,4424,4579,3528,2000,1075,205,5,13525,960,1165,1998,2216,2062,2146,1680,854,388,56,0,15272,949,1183,2066,2444,2362,2433,1848,1146,687,149,5
2021,01,읍면동,경기도 성남시 분당구 백현동,27690,2896,3108,3822,3801,4701,4813,2793,1189,482,83,2,13365,1496,1608,1891,1744,2229,2299,1355,568,150,25,0,14325,1400,1500,1931,2057,2472,2514,1438,621,332,58,2
2021,01,읍면동,경기도 성남시 분당구 분당동,26434,1995,2965,3728,3606,4648,4281,2904,1443,726,131,7,13004,1030,1560,1957,1809,2128,2074,1417,687,303,37,2,13430,965,1405,1771,1797,2520,2207,1487,756,423,94,5
2021,01,읍면동,경기도 성남시 분당구 삼평동,24890,2731,3028,3067,3587,4672,3964,2357,987,419,75,3,12123,1444,1505,1544,1598,2286,1986,1130,458,154,17,1,12767,1287,1523,1523,1989,2386,1978,1227,529,265,58,2
2021,01,읍면동,경기도 성남시 분당구 서현1동 ,32360,2442,4351,4604,4240,6294,5051,2767,1560,891,155,5,15634,1249,2212,2266,2055,2869,2530,1344,696,369,42,2,16726,1193,2139,2338,2185,3425,2521,1423,864,522,113,3
2021,01,읍면동,경기도 성남시 분당구 서현2동 ,18771,1423,2324,2788,2368,3269,3315,1934,835,438,72,5,9261,741,1215,1487,1193,1451,1628,972,392,163,16,3,9510,682,1109,1301,1175,1818,1687,962,443,275,56,2
2021,01,읍면동,경기도 성남시 분당구 수내1동 ,18104,1268,2238,2482,2455,3740,2845,1397,933,649,94,3,8640,655,1176,1195,1135,1662,1473,678,385,249,32,0,9464,613,1062,1287,1320,2078,1372,719,548,400,62,3
2021,01,읍면동,경기도 성남시 분당구 수내2동 ,10649,1176,1970,966,868,2636,1476,767,480,262,46,2,5181,575,979,527,360,1200,828,371,221,107,12,1,5468,601,991,439,508,1436,648,396,259,155,34,1
2021,01,읍면동,경기도 성남시 분당구 수내3동 ,14039,1040,2427,1868,1536,3169,2122,1110,496,231,37,3,6957,528,1281,950,776,1451,1110,542,226,83,10,0,7082,512,1146,918,760,1718,1012,568,270,148,27,3
2021,01,읍면동,경기도 성남시 분당구 야탑1동 ,17699,1324,1300,2759,2897,2758,2680,2284,1130,466,95,6,8765,668,679,1429,1456,1372,1263,1141,535,193,28,1,8934,656,621,1330,1441,1386,1417,1143,595,273,67,5
2021,01,읍면동,경기도 성남시 분당구 야탑2동 ,16815,1271,1798,2136,2096,2768,2599,2247,1196,600,100,4,7992,626,919,1030,959,1259,1261,1109,559,243,27,0,8823,645,879,1106,1137,1509,1338,1138,637,357,73,4
2021,01,읍면동,경기도 성남시 분당구 야탑3동 ,29139,2193,2072,4183,5344,4373,4553,3776,1729,770,136,10,14369,1139,1038,2165,2854,2203,2139,1794,778,236,23,0,14770,1054,1034,2018,2490,2170,2414,1982,951,534,113,10
2021,01,읍면동,경기도 성남시 분당구 운중동,21596,2184,2414,2465,3115,4054,3505,2475,934,379,70,1,10541,1121,1227,1259,1408,1955,1728,1221,473,134,15,0,11055,1063,1187,1206,1707,2099,1777,1254,461,245,55,1
2021,01,읍면동,경기도 성남시 분당구 이매1동 ,25943,2268,3128,3403,3591,4640,4145,2639,1367,628,130,4,12657,1179,1572,1766,1726,2143,2066,1304,623,243,33,2,13286,1089,1556,1637,1865,2497,2079,1335,744,385,97,2
2021,01,읍면동,경기도 성남시 분당구 이매2동 ,13715,1013,1849,1793,1353,2377,2401,1640,803,406,74,6,6715,537,995,932,610,1049,1195,833,387,161,15,1,7000,476,854,861,743,1328,1206,807,416,245,59,5
2021,01,읍면동,경기도 성남시 분당구 정자1동 ,31041,2055,3302,4718,5033,5943,4797,2509,1682,887,107,8,14602,1035,1614,2145,2308,2624,2418,1217,786,409,42,4,16439,1020,1688,2573,2725,3319,2379,1292,896,478,65,4
2021,01,읍면동,경기도 성남시 분당구 정자2동 ,15934,910,1380,2056,2962,2651,2391,1754,1032,674,120,4,7553,504,742,1032,1483,1211,1129,847,394,181,29,1,8381,406,638,1024,1479,1440,1262,907,638,493,91,3
2021,01,읍면동,경기도 성남시 분당구 정자3동 ,15587,1332,1766,2052,2314,2840,2408,1437,813,520,104,1,7560,705,922,1059,1097,1324,1192,675,339,216,30,1,8027,627,844,993,1217,1516,1216,762,474,304,74,0
2021,01,읍면동,경기도 성남시 분당구 정자동,19765,1433,1933,3127,3512,3222,2947,2109,1011,400,67,4,9866,734,955,1664,1831,1540,1437,1023,485,181,15,1,9899,699,978,1463,1681,1682,1510,1086,526,219,52,3
2021,01,읍면동,경기도 성남시 분당구 판교동,23899,3010,3451,2343,3092,5290,3411,1998,876,365,59,4,11714,1539,1786,1156,1350,2521,1803,985,413,149,12,0,12185,1471,1665,1187,1742,2769,1608,1013,463,216,47,4
2021,01,구,경기도 성남시 수정구 ,241568,15723,17506,35164,35907,37605,41184,33711,17213,6372,964,219,122167,7929,8959,18539,19163,19851,20942,16365,7806,2315,233,65,119401,7794,8547,16625,16744,17754,20242,17346,9407,4057,731,154
2021,01,읍면동,경기도 성남시 수정구 고등동,8685,715,528,1408,1870,1082,1319,1050,502,176,32,3,4306,385,266,676,973,540,659,514,233,51,8,1,4379,330,262,732,897,542,660,536,269,125,24,2
2021,01,읍면동,경기도 성남시 수정구 단대동,15866,1063,1283,2180,2208,2474,2745,2165,1182,474,76,16,7843,545,678,1159,1137,1268,1330,1003,517,184,17,5,8023,518,605,1021,1071,1206,1415,1162,665,290,59,11
2021,01,읍면동,경기도 성남시 수정구 복정동,11081,728,437,2260,2616,1996,1340,1070,465,131,33,5,6107,366,231,1206,1556,1195,735,522,234,55,5,2,4974,362,206,1054,1060,801,605,548,231,76,28,3
2021,01,읍면동,경기도 성남시 수정구 산성동,10043,474,819,1287,1258,1672,1734,1475,948,310,41,25,5179,250,430,717,694,926,877,714,419,129,13,10,4864,224,389,570,564,746,857,761,529,181,28,15
2021,01,읍면동,경기도 성남시 수정구 수진1동 ,12611,387,682,1772,1469,1764,2535,2209,1239,461,71,22,6552,192,377,973,861,978,1370,1066,546,159,22,8,6059,195,305,799,608,786,1165,1143,693,302,49,14
2021,01,읍면동,경기도 성남시 수정구 수진2동 ,16161,787,1097,2356,2116,2320,2884,2603,1446,472,64,16,8125,376,576,1222,1174,1210,1437,1251,664,199,13,3,8036,411,521,1134,942,1110,1447,1352,782,273,51,13
2021,01,읍면동,경기도 성남시 수정구 시흥동,3235,160,160,527,531,431,479,541,290,97,16,3,1721,80,91,306,302,231,245,273,148,40,5,0,1514,80,69,221,229,200,234,268,142,57,11,3
2021,01,읍면동,경기도 성남시 수정구 신촌동,4823,522,448,743,892,776,613,523,212,77,17,0,2549,260,250,468,478,413,304,245,101,25,5,0,2274,262,198,275,414,363,309,278,111,52,12,0
2021,01,읍면동,경기도 성남시 수정구 신흥1동 ,13511,505,723,2003,1805,2021,2535,2255,1141,441,58,24,7107,257,384,1093,1064,1170,1397,1086,494,142,13,7,6404,248,339,910,741,851,1138,1169,647,299,45,17
2021,01,읍면동,경기도 성남시 수정구 신흥2동 ,20239,1779,1624,2648,3394,3062,3481,2697,1108,367,60,19,9911,877,802,1332,1722,1506,1644,1309,566,132,16,5,10328,902,822,1316,1672,1556,1837,1388,542,235,44,14
2021,01,읍면동,경기도 성남시 수정구 신흥3동 ,11309,424,649,1753,1531,1753,2150,1717,962,313,48,9,5893,203,349,923,869,975,1172,841,430,117,12,2,5416,221,300,830,662,778,978,876,532,196,36,7
2021,01,읍면동,경기도 성남시 수정구 양지동,9998,593,931,1393,1132,1652,1730,1405,817,298,44,3,4932,302,474,705,593,839,876,664,353,116,9,1,5066,291,457,688,539,813,854,741,464,182,35,2
2021,01,읍면동,경기도 성남시 수정구 위례동,45649,5024,4137,5529,7374,8061,7151,5318,2053,855,141,6,22343,2552,2012,2770,3493,4096,3470,2647,996,275,30,2,23306,2472,2125,2759,3881,3965,3681,2671,1057,580,111,4
2021,01,읍면동,경기도 성남시 수정구 태평1동 ,15566,505,773,2803,2165,2126,2710,2434,1442,527,67,14,7960,261,396,1434,1212,1202,1403,1198,635,196,22,1,7606,244,377,1369,953,924,1307,1236,807,331,45,13
2021,01,읍면동,경기도 성남시 수정구 태평2동 ,15696,743,1094,2493,2165,2267,2808,2290,1243,499,76,18,7853,355,577,1317,1188,1166,1433,1084,540,171,15,7,7843,388,517,1176,977,1101,1375,1206,703,328,61,11
2021,01,읍면동,경기도 성남시 수정구 태평3동 ,13566,616,923,1943,1737,2014,2579,2139,1103,427,68,17,6956,320,462,1105,946,1062,1350,1071,464,151,19,6,6610,296,461,838,791,952,1229,1068,639,276,49,11
2021,01,읍면동,경기도 성남시 수정구 태평4동 ,13529,698,1198,2066,1644,2134,2391,1820,1060,447,52,19,6830,348,604,1133,901,1074,1240,877,466,173,9,5,6699,350,594,933,743,1060,1151,943,594,274,43,14
2021,01,구,경기도 성남시 중원구 ,216142,13176,16494,31200,31128,32875,38171,30941,15366,5724,879,188,109424,6757,8533,16137,16744,17290,19268,15372,7058,2037,176,52,106718,6419,7961,15063,14384,15585,18903,15569,8308,3687,703,136
2021,01,읍면동,경기도 성남시 중원구 금광1동 ,7023,431,453,951,1106,1040,1218,1089,482,194,28,31,3611,224,225,491,613,563,612,569,227,78,4,5,3412,207,228,460,493,477,606,520,255,116,24,26
2021,01,읍면동,경기도 성남시 중원구 금광2동 ,24627,1253,1928,3800,3381,3717,4311,3637,1817,669,99,15,12042,609,956,1827,1743,1896,2162,1739,836,251,21,2,12585,644,972,1973,1638,1821,2149,1898,981,418,78,13
2021,01,읍면동,경기도 성남시 중원구 도촌동,27841,2862,2847,3355,4344,4956,4203,3179,1421,564,108,2,13540,1482,1484,1693,2097,2437,1963,1500,668,195,20,1,14301,1380,1363,1662,2247,2519,2240,1679,753,369,88,1
2021,01,읍면동,경기도 성남시 중원구 상대원1동,25889,1672,1828,3503,4002,3981,4625,3753,1788,635,89,13,13377,881,934,1900,2208,2191,2339,1853,830,220,17,4,12512,791,894,1603,1794,1790,2286,1900,958,415,72,9
2021,01,읍면동,경기도 성남시 중원구 상대원2동,13759,525,972,1762,1626,1975,2911,2342,1158,406,68,14,7138,275,488,945,913,1087,1579,1169,546,119,13,4,6621,250,484,817,713,888,1332,1173,612,287,55,10
2021,01,읍면동,경기도 성남시 중원구 상대원3동,12547,568,882,1800,1563,1802,2542,2006,962,355,57,10,6569,286,486,974,918,983,1312,1037,453,109,9,2,5978,282,396,826,645,819,1230,969,509,246,48,8
2021,01,읍면동,경기도 성남시 중원구 성남동,33963,1575,1951,5869,5859,4800,5557,4711,2512,957,142,30,17581,777,1004,2964,3374,2648,2852,2377,1185,361,31,8,16382,798,947,2905,2485,2152,2705,2334,1327,596,111,22
2021,01,읍면동,경기도 성남시 중원구 은행1동 ,10647,656,1016,1819,1374,1645,1763,1321,733,283,32,5,5195,351,489,885,695,824,870,638,341,95,6,1,5452,305,527,934,679,821,893,683,392,188,26,4
2021,01,읍면동,경기도 성남시 중원구 은행2동 ,24568,1297,1977,3650,3060,3692,4485,3454,2050,781,100,22,12218,689,1039,1944,1682,1842,2215,1649,831,297,23,7,12350,608,938,1706,1378,1850,2270,1805,1219,484,77,15
2021,01,읍면동,경기도 성남시 중원구 중앙동,14109,878,871,1567,1923,2200,2624,2327,1193,415,69,42,7481,466,462,854,991,1253,1488,1214,549,165,21,18,6628,412,409,713,932,947,1136,1113,644,250,48,24
2021,01,읍면동,경기도 성남시 중원구 하대원동 ,21169,1459,1769,3124,2890,3067,3932,3122,1250,465,87,4,10672,717,966,1660,1510,1566,1876,1627,592,147,11,0,10497,742,803,1464,1380,1501,2056,1495,658,318,76,4
2021,01,읍면동,경기도 송탄출장소 ,0,0,0,0,0,0,0,0,0,0,0,0,0,0,0,0,0,0,0,0,0,0,0,0,0,0,0,0,0,0,0,0,0,0,0,0
2021,01,시군,경기도 수원시 ,1185741,96331,118004,186382,178182,202513,196509,121665,56690,25134,4007,324,596918,49709,61039,98178,92564,102029,98106,60163,25297,8830,919,84,588823,46622,56965,88204,85618,100484,98403,61502,31393,16304,3088,240
2021,01,구,경기도 수원시 권선구 ,368686,32303,33414,54418,58003,61702,62014,40467,17532,7565,1172,96,186125,16649,17388,28419,30280,31922,30543,19996,8020,2625,255,28,182561,15654,16026,25999,27723,29780,31471,20471,9512,4940,917,68
2021,01,읍면동,경기도 수원시 권선구 곡선동,27497,1665,2264,5297,5268,4967,4624,2137,769,419,81,6,14777,869,1152,2819,3038,2793,2456,1147,342,145,14,2,12720,796,1112,2478,2230,2174,2168,990,427,274,67,4
2021,01,읍면동,경기도 수원시 권선구 구운동,24791,1430,2057,3920,3289,3723,4827,3345,1446,656,91,7,12495,710,1056,2069,1764,1921,2394,1656,689,215,19,2,12296,720,1001,1851,1525,1802,2433,1689,757,441,72,5
2021,01,읍면동,경기도 수원시 권선구 권선1동 ,24895,1314,1729,5033,4490,3701,4184,2821,1093,461,66,3,12694,688,921,2538,2427,1915,2097,1437,502,153,14,2,12201,626,808,2495,2063,1786,2087,1384,591,308,52,1
2021,01,읍면동,경기도 수원시 권선구 권선2동 ,49532,5668,5460,6732,7919,9024,7950,4529,1502,630,111,7,24365,2971,2836,3517,3775,4374,3742,2209,704,215,19,3,25167,2697,2624,3215,4144,4650,4208,2320,798,415,92,4
2021,01,읍면동,경기도 수원시 권선구 금곡동,45794,4915,4985,6233,6614,8159,7636,4230,1959,915,147,1,22652,2513,2640,3202,3278,4058,3707,2068,839,309,38,0,23142,2402,2345,3031,3336,4101,3929,2162,1120,606,109,1
2021,01,읍면동,경기도 수원시 권선구 서둔동,38211,2424,3175,5871,5296,6074,6792,5059,2431,949,128,12,19417,1199,1685,3101,2910,3213,3400,2458,1096,325,26,4,18794,1225,1490,2770,2386,2861,3392,2601,1335,624,102,8
2021,01,읍면동,경기도 수원시 권선구 세류1동 ,10429,878,611,1478,1718,1486,1871,1340,692,291,52,12,5210,457,326,750,923,777,898,642,315,110,9,3,5219,421,285,728,795,709,973,698,377,181,43,9
2021,01,읍면동,경기도 수원시 권선구 세류2동 ,23728,1136,1606,3618,3584,3712,4258,3400,1622,677,103,12,12251,583,849,1927,2060,1999,2147,1621,758,269,34,4,11477,553,757,1691,1524,1713,2111,1779,864,408,69,8
2021,01,읍면동,경기도 수원시 권선구 세류3동 ,19312,946,1536,2739,2589,3068,3427,2841,1491,571,91,13,9726,443,813,1454,1427,1605,1685,1381,677,216,24,1,9586,503,723,1285,1162,1463,1742,1460,814,355,67,12
2021,01,읍면동,경기도 수원시 권선구 입북동,16858,1693,1832,2050,2242,3217,2864,1824,761,322,52,1,8553,875,945,1089,1143,1653,1432,923,367,111,15,0,8305,818,887,961,1099,1564,1432,901,394,211,37,1
2021,01,읍면동,경기도 수원시 권선구 평동 ,41041,3154,3572,6361,5794,6155,7558,5103,2181,980,166,17,20800,1640,1873,3430,3026,3142,3711,2582,1021,344,27,4,20241,1514,1699,2931,2768,3013,3847,2521,1160,636,139,13
2021,01,읍면동,경기도 수원시 권선구 호매실동 ,46598,7080,4587,5086,9200,8416,6023,3838,1585,694,84,5,23185,3701,2292,2523,4509,4472,2874,1872,710,213,16,3,23413,3379,2295,2563,4691,3944,3149,1966,875,481,68,2
2021,01,구,경기도 수원시 영통구 ,368633,36516,42271,59050,62831,68409,54713,27498,11428,5044,834,39,184894,18942,21722,30663,31823,33668,27393,13806,5018,1684,166,9,183739,17574,20549,28387,31008,34741,27320,13692,6410,3360,668,30
2021,01,읍면동,경기도 수원시 영통구 광교1동 ,53158,5597,6863,8443,9496,10768,7195,3053,1190,462,91,0,26014,2958,3406,3830,4505,5198,3782,1597,555,161,22,0,27144,2639,3457,4613,4991,5570,3413,1456,635,301,69,0
2021,01,읍면동,경기도 수원시 영통구 광교2동 ,29191,3443,2999,3209,5390,5567,4154,2706,1180,470,69,4,14129,1754,1534,1568,2595,2787,1945,1240,534,156,15,1,15062,1689,1465,1641,2795,2780,2209,1466,646,314,54,3
2021,01,읍면동,경기도 수원시 영통구 망포1동 ,31598,3509,4090,4547,4965,5860,5184,2215,837,328,61,2,15907,1831,2084,2461,2408,2861,2595,1194,359,104,10,0,15691,1678,2006,2086,2557,2999,2589,1021,478,224,51,2
2021,01,읍면동,경기도 수원시 영통구 망포2동 ,28315,4370,3246,3383,5719,5522,3677,1564,544,253,35,2,14139,2279,1668,1660,2768,2795,1840,792,250,79,8,0,14176,2091,1578,1723,2951,2727,1837,772,294,174,27,2
2021,01,읍면동,경기도 수원시 영통구 매탄1동 ,18238,1160,1892,3114,2384,2986,3291,2109,910,326,62,4,9178,584,976,1731,1248,1444,1629,1014,435,106,10,1,9060,576,916,1383,1136,1542,1662,1095,475,220,52,3
2021,01,읍면동,경기도 수원시 영통구 매탄2동 ,15171,911,1529,2499,1963,2422,2779,1795,855,346,66,6,7536,491,809,1242,1067,1194,1324,901,383,113,11,1,7635,420,720,1257,896,1228,1455,894,472,233,55,5
2021,01,읍면동,경기도 수원시 영통구 매탄3동 ,36282,2882,4424,6480,5479,6818,5618,2757,1172,571,77,4,18766,1506,2275,3599,3000,3405,2861,1399,534,176,11,0,17516,1376,2149,2881,2479,3413,2757,1358,638,395,66,4
2021,01,읍면동,경기도 수원시 영통구 매탄4동 ,22038,1357,2255,3789,3228,3727,3786,2352,998,473,70,3,10822,728,1142,2023,1684,1732,1812,1114,421,150,15,1,11216,629,1113,1766,1544,1995,1974,1238,577,323,55,2
2021,01,읍면동,경기도 수원시 영통구 영통1동 ,35889,3616,4873,4924,5498,7126,5730,2458,1039,539,79,7,17696,1860,2544,2518,2669,3388,2821,1258,412,203,20,3,18193,1756,2329,2406,2829,3738,2909,1200,627,336,59,4
2021,01,읍면동,경기도 수원시 영통구 영통2동 ,26701,2602,2188,5590,6791,4254,3140,1227,581,281,44,3,14108,1332,1129,3155,3793,2171,1584,617,219,97,10,1,12593,1270,1059,2435,2998,2083,1556,610,362,184,34,2
2021,01,읍면동,경기도 수원시 영통구 영통3동 ,32908,2610,4317,6529,4444,6084,5379,2202,814,448,80,1,16796,1315,2283,3531,2306,2878,2770,1203,341,156,13,0,16112,1295,2034,2998,2138,3206,2609,999,473,292,67,1
2021,01,읍면동,경기도 수원시 영통구 원천동,39144,4459,3595,6543,7474,7275,4780,3060,1308,547,100,3,19803,2304,1872,3345,3780,3815,2430,1477,575,183,21,1,19341,2155,1723,3198,3694,3460,2350,1583,733,364,79,2
2021,01,구,경기도 수원시 장안구 ,273324,18132,28542,43862,32590,45141,49257,31033,15811,7583,1283,90,137599,9357,14878,23999,17010,22307,24695,15298,6978,2735,321,21,135725,8775,13664,19863,15580,22834,24562,15735,8833,4848,962,69
2021,01,읍면동,경기도 수원시 장안구 송죽동,19667,1131,1738,3021,2651,3046,3687,2554,1207,526,100,6,9761,582,941,1524,1391,1527,1797,1246,536,188,27,2,9906,549,797,1497,1260,1519,1890,1308,671,338,73,4
2021,01,읍면동,경기도 수원시 장안구 연무동,16300,701,1056,2630,1833,2146,2823,2614,1569,756,152,20,8398,364,555,1519,1072,1196,1458,1215,706,276,35,2,7902,337,501,1111,761,950,1365,1399,863,480,117,18
2021,01,읍면동,경기도 수원시 장안구 영화동,20355,856,1214,2725,2500,2931,3977,3530,1788,697,116,21,10400,451,626,1421,1406,1600,2015,1733,830,291,21,6,9955,405,588,1304,1094,1331,1962,1797,958,406,95,15
2021,01,읍면동,경기도 수원시 장안구 율천동,43017,3112,4122,10027,5854,6501,6778,3810,1750,908,144,11,22674,1594,2164,6119,3117,3244,3407,1912,752,315,46,4,20343,1518,1958,3908,2737,3257,3371,1898,998,593,98,7
2021,01,읍면동,경기도 수원시 장안구 정자1동 ,29779,2503,3527,4140,3463,5431,5286,3063,1495,739,123,9,14668,1282,1887,2217,1677,2590,2617,1462,652,257,24,3,15111,1221,1640,1923,1786,2841,2669,1601,843,482,99,6
2021,01,읍면동,경기도 수원시 장안구 정자2동 ,30060,1953,3170,4349,3656,5058,5433,3445,1980,879,131,6,14755,973,1628,2259,1895,2460,2698,1622,856,331,32,1,15305,980,1542,2090,1761,2598,2735,1823,1124,548,99,5
2021,01,읍면동,경기도 수원시 장안구 정자3동 ,42707,3629,6940,6255,4396,8953,7550,2816,1354,702,111,1,21363,1925,3578,3246,2126,4197,3957,1499,567,247,21,0,21344,1704,3362,3009,2270,4756,3593,1317,787,455,90,1
2021,01,읍면동,경기도 수원시 장안구 조원1동 ,28763,1498,2823,4331,3249,4485,5486,3773,1986,961,165,6,14479,776,1479,2292,1775,2270,2745,1872,891,330,49,0,14284,722,1344,2039,1474,2215,2741,1901,1095,631,116,6
2021,01,읍면동,경기도 수원시 장안구 조원2동 ,19103,1406,2085,2973,2022,2907,3842,2070,1016,656,124,2,9214,721,1042,1536,976,1331,1780,1081,454,252,40,1,9889,685,1043,1437,1046,1576,2062,989,562,404,84,1
2021,01,읍면동,경기도 수원시 장안구 파장동,23573,1343,1867,3411,2966,3683,4395,3358,1666,759,117,8,11887,689,978,1866,1575,1892,2221,1656,734,248,26,2,11686,654,889,1545,1391,1791,2174,1702,932,511,91,6
2021,01,구,경기도 수원시 팔달구 ,175098,9380,13777,29052,24758,27261,30525,22667,11919,4942,718,99,88300,4761,7051,15097,13451,14132,15475,11063,5281,1786,177,26,86798,4619,6726,13955,11307,13129,15050,11604,6638,3156,541,73
2021,01,읍면동,경기도 수원시 팔달구 고등동,9115,330,558,1256,1129,1290,1712,1494,931,356,46,13,4692,179,280,668,665,713,884,701,423,162,10,7,4423,151,278,588,464,577,828,793,508,194,36,6
2021,01,읍면동,경기도 수원시 팔달구 매교동,5967,238,313,902,914,862,1085,904,500,216,24,9,3157,122,164,490,499,502,601,456,230,79,9,5,2810,116,149,412,415,360,484,448,270,137,15,4
2021,01,읍면동,경기도 수원시 팔달구 매산동,10660,422,485,1857,1667,1456,1946,1606,823,336,56,6,5681,218,246,1018,944,840,1045,834,385,127,21,3,4979,204,239,839,723,616,901,772,438,209,35,3
2021,01,읍면동,경기도 수원시 팔달구 우만1동 ,20473,904,1396,3269,2920,2985,3672,2949,1650,635,84,9,10196,471,727,1736,1645,1576,1798,1336,684,205,16,2,10277,433,669,1533,1275,1409,1874,1613,966,430,68,7
2021,01,읍면동,경기도 수원시 팔달구 우만2동 ,17191,1164,1802,3650,2197,2737,2719,1725,784,358,54,1,8598,570,982,1995,1149,1301,1321,824,321,124,11,0,8593,594,820,1655,1048,1436,1398,901,463,234,43,1
2021,01,읍면동,경기도 수원시 팔달구 인계동,39288,2163,2835,7940,7334,6385,5797,4061,1847,794,115,17,19839,1082,1430,3934,4048,3313,2912,1984,841,271,22,2,19449,1081,1405,4006,3286,3072,2885,2077,1006,523,93,15
2021,01,읍면동,경기도 수원시 팔달구 지동 ,11284,402,719,1341,1201,1636,2119,2059,1211,514,70,12,5751,212,383,742,671,907,1124,991,525,180,14,2,5533,190,336,599,530,729,995,1068,686,334,56,10
2021,01,읍면동,경기도 수원시 팔달구 행궁동,10933,268,477,1501,1315,1493,2144,2002,1160,468,92,13,5837,137,255,745,777,897,1235,1036,533,190,31,1,5096,131,222,756,538,596,909,966,627,278,61,12
2021,01,읍면동,경기도 수원시 팔달구 화서1동 ,23411,1509,2180,3208,2643,3892,4182,3223,1794,676,91,13,11363,745,1059,1627,1364,1918,2046,1541,785,252,24,2,12048,764,1121,1581,1279,1974,2136,1682,1009,424,67,11
2021,01,읍면동,경기도 수원시 팔달구 화서2동 ,26776,1980,3012,4128,3438,4525,5149,2644,1219,589,86,6,13186,1025,1525,2142,1689,2165,2509,1360,554,196,19,2,13590,955,1487,1986,1749,2360,2640,1284,665,393,67,4
2021,01,시군,경기도 시흥시 ,504935,48875,50397,69859,78212,91425,88019,48041,19639,8995,1376,97,263749,24872,25887,37958,41764,49208,46419,25509,8910,2921,274,27,241186,24003,24510,31901,36448,42217,41600,22532,10729,6074,1102,70
2021,01,읍면동,경기도 시흥시 과림동 ,1930,43,50,166,163,178,464,542,220,83,18,3,1175,25,27,101,109,127,291,329,126,33,5,2,755,18,23,65,54,51,173,213,94,50,13,1
2021,01,읍면동,경기도 시흥시 군자동 ,22130,1569,2214,2890,2704,3875,4094,2791,1306,595,81,11,11601,813,1156,1602,1518,2150,2134,1417,585,209,14,3,10529,756,1058,1288,1186,1725,1960,1374,721,386,67,8
2021,01,읍면동,경기도 시흥시 능곡동 ,20688,1886,2519,2931,2886,3651,3618,1824,860,437,76,0,10275,976,1257,1473,1493,1746,1862,936,373,141,18,0,10413,910,1262,1458,1393,1905,1756,888,487,296,58,0
2021,01,읍면동,경기도 시흥시 대야동 ,44604,3464,3592,6824,6933,6586,8590,5414,2027,996,169,9,22635,1776,1848,3571,3630,3371,4265,2891,932,320,30,1,21969,1688,1744,3253,3303,3215,4325,2523,1095,676,139,8
2021,01,읍면동,경기도 시흥시 매화동 ,12144,698,1206,1656,1093,1949,2480,1657,884,452,65,4,6356,342,635,961,579,1029,1368,886,398,140,17,1,5788,356,571,695,514,920,1112,771,486,312,48,3
2021,01,읍면동,경기도 시흥시 목감동 ,42325,5959,3336,4228,8440,7420,5756,4464,1832,749,127,14,21433,3001,1709,2165,4200,4073,2876,2268,878,237,22,4,20892,2958,1627,2063,4240,3347,2880,2196,954,512,105,10
2021,01,읍면동,경기도 시흥시 배곧동 ,70930,10997,7902,9074,14703,14646,8518,3642,1018,371,58,1,36290,5557,3954,4728,7471,7779,4313,1899,458,124,7,0,34640,5440,3948,4346,7232,6867,4205,1743,560,247,51,1
2021,01,읍면동,경기도 시흥시 신천동 ,36349,1658,3265,5878,3901,5332,8150,5026,2087,915,116,21,18851,889,1711,3214,2167,2785,4193,2684,924,255,27,2,17498,769,1554,2664,1734,2547,3957,2342,1163,660,89,19
2021,01,읍면동,경기도 시흥시 신현동 ,9975,455,755,1394,991,1323,2227,1646,751,372,53,8,5218,229,394,771,560,683,1175,897,358,129,17,5,4757,226,361,623,431,640,1052,749,393,243,36,3
2021,01,읍면동,경기도 시흥시 연성동 ,23825,1726,2923,3710,2576,4251,4827,2113,1077,528,89,5,12141,888,1536,1951,1324,2102,2549,1115,460,199,15,2,11684,838,1387,1759,1252,2149,2278,998,617,329,74,3
2021,01,읍면동,경기도 시흥시 월곶동 ,16029,1412,1492,1847,2381,3205,2683,1770,838,345,52,4,8359,704,789,989,1260,1759,1458,859,397,132,10,2,7670,708,703,858,1121,1446,1225,911,441,213,42,2
2021,01,읍면동,경기도 시흥시 은행동 ,54610,7104,5660,6641,9548,9479,8584,4831,1819,801,138,5,27323,3610,2868,3420,4724,4878,4262,2468,845,226,21,1,27287,3494,2792,3221,4824,4601,4322,2363,974,575,117,4
2021,01,읍면동,경기도 시흥시 장곡동 ,30484,3619,3987,3875,4554,6128,4945,2024,885,401,63,3,15416,1872,2064,1971,2216,3053,2643,1065,387,129,15,1,15068,1747,1923,1904,2338,3075,2302,959,498,272,48,2
2021,01,읍면동,경기도 시흥시 정왕1동,22482,1310,1921,3742,3396,4592,4303,2111,741,312,52,2,13241,645,997,2379,2140,2850,2594,1198,332,96,9,1,9241,665,924,1363,1256,1742,1709,913,409,216,43,1
2021,01,읍면동,경기도 시흥시 정왕2동,31942,2437,3592,5124,4320,6143,6164,2518,1030,550,62,2,17195,1219,1843,2956,2502,3374,3287,1381,430,185,18,0,14747,1218,1749,2168,1818,2769,2877,1137,600,365,44,2
2021,01,읍면동,경기도 시흥시 정왕3동,22870,1736,2127,3092,3165,4602,4529,2265,870,401,82,1,12894,894,1107,1769,1898,2796,2580,1299,401,140,9,1,9976,842,1020,1323,1267,1806,1949,966,469,261,73,0
2021,01,읍면동,경기도 시흥시 정왕4동,21348,1646,2729,3586,2417,3852,4331,1591,732,425,38,1,10588,845,1395,1846,1227,1814,2191,833,285,139,13,0,10760,801,1334,1740,1190,2038,2140,758,447,286,25,1
2021,01,읍면동,경기도 시흥시 정왕본동,20270,1156,1127,3201,4041,4213,3756,1812,662,262,37,3,12758,587,597,2091,2746,2839,2378,1084,341,87,7,1,7512,569,530,1110,1295,1374,1378,728,321,175,30,2
2021,01,시군,경기도 안산시 ,655733,44374,63857,106590,85788,108102,127904,72450,29918,14504,2114,132,336265,22604,32860,56726,46791,55262,65395,37962,13372,4804,457,32,319468,21770,30997,49864,38997,52840,62509,34488,16546,9700,1657,100
2021,01,구,경기도 안산시 단원구 ,302836,20749,29600,48234,41391,50080,58663,33944,13048,6186,878,63,156257,10608,15332,25605,22702,25775,30054,17988,5957,2038,182,16,146579,10141,14268,22629,18689,24305,28609,15956,7091,4148,696,47
2021,01,읍면동,경기도 안산시 단원구 고잔동,21903,1159,1912,4156,3178,3251,4107,2470,1095,518,55,2,10936,579,982,2068,1777,1605,2063,1235,461,159,7,0,10967,580,930,2088,1401,1646,2044,1235,634,359,48,2
2021,01,읍면동,경기도 안산시 단원구 대부동,8865,315,387,722,673,958,1943,2185,1065,532,79,6,4660,179,207,416,393,539,995,1146,550,212,19,4,4205,136,180,306,280,419,948,1039,515,320,60,2
2021,01,읍면동,경기도 안산시 단원구 백운동,18434,1305,1783,2786,2452,2818,3715,2354,874,302,34,11,9358,663,918,1463,1303,1407,1837,1223,425,110,7,2,9076,642,865,1323,1149,1411,1878,1131,449,192,27,9
2021,01,읍면동,경기도 안산시 단원구 선부1동 ,17860,1306,1437,2688,2961,2777,3335,2147,777,383,48,1,9166,683,747,1462,1671,1455,1598,1109,321,111,8,1,8694,623,690,1226,1290,1322,1737,1038,456,272,40,0
2021,01,읍면동,경기도 안산시 단원구 선부2동 ,16455,906,1588,2455,1854,2823,3667,1960,787,368,44,3,8947,454,847,1350,1061,1573,2074,1073,381,119,14,1,7508,452,741,1105,793,1250,1593,887,406,249,30,2
2021,01,읍면동,경기도 안산시 단원구 선부3동 ,35208,2412,3584,5745,4943,6124,6833,3612,1241,634,75,5,18085,1239,1854,3087,2662,3108,3426,1976,511,210,11,1,17123,1173,1730,2658,2281,3016,3407,1636,730,424,64,4
2021,01,읍면동,경기도 안산시 단원구 신길동,22709,1623,2514,3109,2933,4042,4324,2656,981,452,71,4,12187,840,1283,1766,1693,2244,2307,1398,478,160,17,1,10522,783,1231,1343,1240,1798,2017,1258,503,292,54,3
2021,01,읍면동,경기도 안산시 단원구 와동 ,38999,2647,3926,6089,5115,7117,7555,3942,1696,793,112,7,20572,1351,2075,3362,2865,3819,4064,2074,707,232,23,0,18427,1296,1851,2727,2250,3298,3491,1868,989,561,89,7
2021,01,읍면동,경기도 안산시 단원구 원곡동,6273,292,319,484,636,1012,1610,1031,586,269,28,6,3608,146,169,294,386,611,1009,589,287,107,9,1,2665,146,150,190,250,401,601,442,299,162,19,5
2021,01,읍면동,경기도 안산시 단원구 중앙동,25087,1604,2156,5069,3885,3712,4518,2808,858,391,80,6,12476,824,1093,2522,2071,1793,2186,1449,412,112,12,2,12611,780,1063,2547,1814,1919,2332,1359,446,279,68,4
2021,01,읍면동,경기도 안산시 단원구 초지동,46969,3768,4787,7396,7215,8228,8169,4500,1859,899,141,7,24111,1933,2443,3968,3997,4230,4091,2310,819,290,28,2,22858,1835,2344,3428,3218,3998,4078,2190,1040,609,113,5
2021,01,읍면동,경기도 안산시 단원구 호수동,44074,3412,5207,7535,5546,7218,8887,4279,1229,645,111,5,22151,1717,2714,3847,2823,3391,4404,2406,605,216,27,1,21923,1695,2493,3688,2723,3827,4483,1873,624,429,84,4
2021,01,구,경기도 안산시 상록구 ,352897,23625,34257,58356,44397,58022,69241,38506,16870,8318,1236,69,180008,11996,17528,31121,24089,29487,35341,19974,7415,2766,275,16,172889,11629,16729,27235,20308,28535,33900,18532,9455,5552,961,53
2021,01,읍면동,경기도 안산시 상록구 반월동,18004,1110,1294,2206,2191,2632,3322,2988,1595,567,94,5,9062,547,668,1200,1186,1400,1622,1434,768,214,21,2,8942,563,626,1006,1005,1232,1700,1554,827,353,73,3
2021,01,읍면동,경기도 안산시 상록구 본오1동 ,38037,2659,3992,5983,4630,6878,7340,3785,1807,861,102,0,19678,1372,2079,3180,2532,3554,3868,2000,778,296,19,0,18359,1287,1913,2803,2098,3324,3472,1785,1029,565,83,0
2021,01,읍면동,경기도 안산시 상록구 본오2동 ,26811,1542,2845,4376,2983,4429,5455,2941,1448,696,90,6,13304,792,1401,2260,1602,2141,2710,1529,612,236,20,1,13507,750,1444,2116,1381,2288,2745,1412,836,460,70,5
2021,01,읍면동,경기도 안산시 상록구 본오3동 ,20106,945,1742,3563,2425,3097,4254,2303,1126,579,72,0,10020,487,884,1832,1315,1525,2089,1178,472,216,22,0,10086,458,858,1731,1110,1572,2165,1125,654,363,50,0
2021,01,읍면동,경기도 안산시 상록구 부곡동,21917,1460,2109,3508,2427,3613,4650,2410,1094,585,57,4,11313,751,1040,1874,1359,1881,2464,1274,454,205,10,1,10604,709,1069,1634,1068,1732,2186,1136,640,380,47,3
2021,01,읍면동,경기도 안산시 상록구 사동 ,32971,1798,2883,6015,4559,5582,6311,2975,1530,1110,194,14,17276,930,1498,3295,2647,2983,3348,1562,625,328,56,4,15695,868,1385,2720,1912,2599,2963,1413,905,782,138,10
2021,01,읍면동,경기도 안산시 상록구 사이동,32974,2506,3613,5363,4203,5475,6380,3418,1287,637,87,5,16690,1292,1841,2855,2227,2744,3197,1752,552,211,19,0,16284,1214,1772,2508,1976,2731,3183,1666,735,426,68,5
2021,01,읍면동,경기도 안산시 상록구 성포동,26715,1694,2559,4728,3196,3626,5666,3430,1103,582,122,9,13092,890,1329,2478,1651,1628,2640,1752,503,181,35,5,13623,804,1230,2250,1545,1998,3026,1678,600,401,87,4
2021,01,읍면동,경기도 안산시 상록구 안산동,9103,478,767,1134,943,1346,1879,1520,684,295,51,6,4756,239,401,642,527,727,1024,769,324,94,8,1,4347,239,366,492,416,619,855,751,360,201,43,5
2021,01,읍면동,경기도 안산시 상록구 월피동,38689,2262,3787,7081,4388,6050,8194,4324,1614,862,118,9,19781,1165,1995,3861,2394,2977,4133,2289,697,248,21,1,18908,1097,1792,3220,1994,3073,4061,2035,917,614,97,8
2021,01,읍면동,경기도 안산시 상록구 이동 ,23913,1064,1587,4367,3736,3959,4506,2703,1317,583,84,7,12788,531,824,2292,2212,2229,2450,1415,602,218,14,1,11125,533,763,2075,1524,1730,2056,1288,715,365,70,6
2021,01,읍면동,경기도 안산시 상록구 일동 ,24958,1704,2467,3824,3042,4485,4666,2604,1443,620,99,4,12725,853,1217,1968,1666,2397,2462,1323,608,213,18,0,12233,851,1250,1856,1376,2088,2204,1281,835,407,81,4
2021,01,읍면동,경기도 안산시 상록구 해양동,38699,4403,4612,6208,5674,6850,6618,3105,822,341,66,0,19523,2147,2351,3384,2771,3301,3334,1697,420,106,12,0,19176,2256,2261,2824,2903,3549,3284,1408,402,235,54,0
2021,01,시군,경기도 안성시 ,187232,13973,17908,22585,23084,30208,31458,25574,13719,7624,1044,55,96474,7182,9306,12431,12626,16118,16695,12898,6280,2716,211,11,90758,6791,8602,10154,10458,14090,14763,12676,7439,4908,833,44
2021,01,읍면동,경기도 안성시 고삼면 ,1966,44,88,191,146,179,387,472,255,175,28,1,1019,21,52,102,89,105,206,245,124,70,5,0,947,23,36,89,57,74,181,227,131,105,23,1
2021,01,읍면동,경기도 안성시 공도읍 ,59468,5914,7534,6950,8419,12042,8784,5415,2907,1332,164,7,29986,2981,3894,3705,4392,6148,4577,2537,1285,432,34,1,29482,2933,3640,3245,4027,5894,4207,2878,1622,900,130,6
2021,01,읍면동,경기도 안성시 금광면 ,7460,410,636,734,670,1046,1338,1385,694,468,76,3,3748,221,320,400,358,570,694,703,297,172,12,1,3712,189,316,334,312,476,644,682,397,296,64,2
2021,01,읍면동,경기도 안성시 대덕면 ,15296,1394,1107,2009,2591,2519,2368,1869,913,463,60,3,8568,753,582,1148,1538,1537,1377,992,455,176,10,0,6728,641,525,861,1053,982,991,877,458,287,50,3
2021,01,읍면동,경기도 안성시 미양면 ,5862,232,272,534,552,718,1113,1240,678,463,56,4,3188,121,147,331,348,446,616,676,329,163,10,1,2674,111,125,203,204,272,497,564,349,300,46,3
2021,01,읍면동,경기도 안성시 보개면 ,5369,170,305,497,410,543,1037,1167,711,454,71,4,2848,96,179,288,258,322,571,638,321,162,13,0,2521,74,126,209,152,221,466,529,390,292,58,4
2021,01,읍면동,경기도 안성시 삼죽면 ,3485,84,205,392,271,343,649,756,468,290,26,1,1825,45,96,213,183,198,356,396,225,109,4,0,1660,39,109,179,88,145,293,360,243,181,22,1
2021,01,읍면동,경기도 안성시 서운면 ,3370,86,146,289,252,334,689,753,466,317,37,1,1775,48,79,184,146,199,388,387,217,117,9,1,1595,38,67,105,106,135,301,366,249,200,28,0
2021,01,읍면동,경기도 안성시 안성1동,12465,704,1043,1596,1331,1764,2250,1961,1128,589,90,9,6247,342,532,863,718,931,1133,958,516,233,19,2,6218,362,511,733,613,833,1117,1003,612,356,71,7
2021,01,읍면동,경기도 안성시 안성2동,23882,2091,2562,3525,3213,4048,3845,2667,1242,610,77,2,12081,1079,1340,1879,1667,2090,1963,1311,537,192,22,1,11801,1012,1222,1646,1546,1958,1882,1356,705,418,55,1
2021,01,읍면동,경기도 안성시 안성3동,22609,1804,2563,3274,2786,3598,3943,2567,1323,657,91,3,11335,927,1338,1804,1442,1751,1998,1255,569,230,21,0,11274,877,1225,1470,1344,1847,1945,1312,754,427,70,3
2021,01,읍면동,경기도 안성시 양성면 ,5279,144,285,466,407,565,1034,1183,648,453,90,4,2772,76,131,280,240,339,582,636,308,166,14,0,2507,68,154,186,167,226,452,547,340,287,76,4
2021,01,읍면동,경기도 안성시 원곡면 ,6274,386,356,770,882,896,1192,1001,486,262,40,3,3505,226,187,473,544,540,648,552,232,88,14,1,2769,160,169,297,338,356,544,449,254,174,26,2
2021,01,읍면동,경기도 안성시 일죽면 ,7583,295,439,662,613,843,1392,1687,981,581,85,5,3944,143,241,370,372,492,760,850,484,216,14,2,3639,152,198,292,241,351,632,837,497,365,71,3
2021,01,읍면동,경기도 안성시 죽산면 ,6864,215,367,696,541,770,1437,1451,819,510,53,5,3633,103,188,391,331,450,826,762,381,190,10,1,3231,112,179,305,210,320,611,689,438,320,43,4
2021,01,시군,경기도 안양시 ,549730,38980,52278,77416,76355,87497,97454,71437,31772,14164,2193,184,271760,19829,27137,40130,39257,42846,47299,35260,14568,4860,520,54,277970,19151,25141,37286,37098,44651,50155,36177,17204,9304,1673,130
2021,01,구,경기도 안양시 동안구 ,310660,23572,33503,43058,43509,52465,54140,36685,15262,7169,1202,95,152071,12031,17346,22157,21878,24924,26039,18143,6862,2371,296,24,158589,11541,16157,20901,21631,27541,28101,18542,8400,4798,906,71
2021,01,읍면동,경기도 안양시 동안구 갈산동,11242,748,1538,1532,1092,1955,1969,1399,635,308,63,3,5495,361,790,804,564,899,949,690,310,112,15,1,5747,387,748,728,528,1056,1020,709,325,196,48,2
2021,01,읍면동,경기도 안양시 동안구 관양1동 ,36958,2091,2980,5897,4856,5065,7103,5288,2452,1047,167,12,18095,1097,1557,3123,2567,2451,3315,2530,1074,333,46,2,18863,994,1423,2774,2289,2614,3788,2758,1378,714,121,10
2021,01,읍면동,경기도 안양시 동안구 관양2동 ,19348,1237,1445,2995,3002,2991,3547,2390,1147,510,77,7,9804,624,708,1604,1646,1516,1769,1197,530,189,21,0,9544,613,737,1391,1356,1475,1778,1193,617,321,56,7
2021,01,읍면동,경기도 안양시 동안구 귀인동,16807,1381,3461,1878,1222,4007,2655,1275,578,305,44,1,8278,756,1803,941,530,1810,1399,667,246,113,13,0,8529,625,1658,937,692,2197,1256,608,332,192,31,1
2021,01,읍면동,경기도 안양시 동안구 달안동,11136,727,730,1490,2315,1855,1697,1305,608,349,58,2,5048,363,377,710,1153,833,741,559,210,91,11,0,6088,364,353,780,1162,1022,956,746,398,258,47,2
2021,01,읍면동,경기도 안양시 동안구 범계동,15426,1157,2319,1987,1863,2999,2514,1445,673,383,85,1,7392,574,1215,987,862,1357,1229,730,286,125,27,0,8034,583,1104,1000,1001,1642,1285,715,387,258,58,1
2021,01,읍면동,경기도 안양시 동안구 부림동,27568,2352,2434,3644,5888,5115,4030,2472,1036,531,64,2,13359,1175,1262,1771,3033,2467,1873,1185,400,178,14,1,14209,1177,1172,1873,2855,2648,2157,1287,636,353,50,1
2021,01,읍면동,경기도 안양시 동안구 부흥동,17568,1424,2257,2124,2212,3300,2775,2036,921,455,62,2,8451,749,1200,1087,1047,1514,1357,958,393,132,13,1,9117,675,1057,1037,1165,1786,1418,1078,528,323,49,1
2021,01,읍면동,경기도 안양시 동안구 비산1동 ,21649,1797,2213,2947,2810,3496,3894,2850,1083,453,87,19,10546,955,1153,1463,1353,1667,1839,1418,499,172,26,1,11103,842,1060,1484,1457,1829,2055,1432,584,281,61,18
2021,01,읍면동,경기도 안양시 동안구 비산2동 ,11080,800,1072,1609,1389,1679,2134,1477,636,227,47,10,5376,399,540,827,687,797,999,741,304,70,8,4,5704,401,532,782,702,882,1135,736,332,157,39,6
2021,01,읍면동,경기도 안양시 동안구 비산3동 ,18376,942,1378,2809,2381,2348,3707,2917,1194,584,108,8,9070,474,750,1496,1257,1155,1742,1433,554,178,28,3,9306,468,628,1313,1124,1193,1965,1484,640,406,80,5
2021,01,읍면동,경기도 안양시 동안구 신촌동,13312,959,1633,1897,1614,2177,2473,1636,616,259,48,0,6560,470,851,978,832,989,1191,848,301,89,11,0,6752,489,782,919,782,1188,1282,788,315,170,37,0
2021,01,읍면동,경기도 안양시 동안구 평안동,24089,2452,3785,2605,3243,5318,3482,1908,784,428,80,4,11738,1246,1959,1364,1495,2491,1757,962,324,117,20,3,12351,1206,1826,1241,1748,2827,1725,946,460,311,60,1
2021,01,읍면동,경기도 안양시 동안구 평촌동,15017,1353,1683,2166,1876,2527,2948,1505,570,347,36,6,7386,698,859,1126,888,1179,1455,766,277,127,10,1,7631,655,824,1040,988,1348,1493,739,293,220,26,5
2021,01,읍면동,경기도 안양시 동안구 호계1동 ,8691,1045,797,1002,1710,1546,1255,856,311,132,33,4,4401,525,415,492,855,824,652,426,164,44,3,1,4290,520,382,510,855,722,603,430,147,88,30,3
2021,01,읍면동,경기도 안양시 동안구 호계2동 ,20347,1461,1696,3227,3043,2839,3738,2848,1005,417,67,6,9999,732,875,1659,1582,1359,1755,1408,465,150,12,2,10348,729,821,1568,1461,1480,1983,1440,540,267,55,4
2021,01,읍면동,경기도 안양시 동안구 호계3동 ,22046,1646,2082,3249,2993,3248,4219,3078,1013,434,76,8,11073,833,1032,1725,1527,1616,2017,1625,525,151,18,4,10973,813,1050,1524,1466,1632,2202,1453,488,283,58,4
2021,01,구,경기도 안양시 만안구 ,239070,15408,18775,34358,32846,35032,43314,34752,16510,6995,991,89,119689,7798,9791,17973,17379,17922,21260,17117,7706,2489,224,30,119381,7610,8984,16385,15467,17110,22054,17635,8804,4506,767,59
2021,01,읍면동,경기도 안양시 만안구 박달1동 ,15334,686,1162,2147,1681,2227,3099,2416,1314,525,70,7,7718,325,602,1114,937,1148,1625,1182,591,177,14,3,7616,361,560,1033,744,1079,1474,1234,723,348,56,4
2021,01,읍면동,경기도 안양시 만안구 박달2동 ,22804,2059,2329,3238,3425,3490,3868,2818,1051,451,73,2,11403,1062,1214,1747,1759,1727,1781,1435,509,154,14,1,11401,997,1115,1491,1666,1763,2087,1383,542,297,59,1
2021,01,읍면동,경기도 안양시 만안구 석수1동 ,19885,1449,1527,2593,2713,2988,3502,2988,1395,608,115,7,9768,777,806,1345,1351,1453,1625,1479,696,205,27,4,10117,672,721,1248,1362,1535,1877,1509,699,403,88,3
2021,01,읍면동,경기도 안양시 만안구 석수2동 ,32519,2220,2636,4658,4192,4814,6153,4528,2222,958,131,7,16264,1116,1413,2434,2119,2462,3049,2268,1032,345,25,1,16255,1104,1223,2224,2073,2352,3104,2260,1190,613,106,6
2021,01,읍면동,경기도 안양시 만안구 석수3동 ,13700,929,1353,1976,1537,2117,2555,1942,845,395,50,1,6873,449,726,1089,787,1065,1270,976,383,122,6,0,6827,480,627,887,750,1052,1285,966,462,273,44,1
2021,01,읍면동,경기도 안양시 만안구 안양1동 ,12681,920,1091,1957,1865,2002,2209,1562,741,283,50,1,6308,449,557,986,965,1000,1118,762,346,113,12,0,6373,471,534,971,900,1002,1091,800,395,170,38,1
2021,01,읍면동,경기도 안양시 만안구 안양2동 ,21841,1178,1529,3464,2978,3045,4009,3283,1615,639,90,11,10944,575,798,1716,1636,1572,1953,1658,777,237,18,4,10897,603,731,1748,1342,1473,2056,1625,838,402,72,7
2021,01,읍면동,경기도 안양시 만안구 안양3동 ,16775,834,1323,2476,2183,2352,3065,2725,1271,480,59,7,8378,440,691,1329,1175,1221,1464,1299,575,168,14,2,8397,394,632,1147,1008,1131,1601,1426,696,312,45,5
2021,01,읍면동,경기도 안양시 만안구 안양4동 ,7281,271,492,1079,941,994,1352,1082,671,349,50,0,3631,135,239,532,520,541,700,529,280,131,24,0,3650,136,253,547,421,453,652,553,391,218,26,0
2021,01,읍면동,경기도 안양시 만안구 안양5동 ,10663,487,735,1425,1364,1479,1942,1799,918,456,53,5,5324,254,392,758,732,754,987,867,409,158,11,2,5339,233,343,667,632,725,955,932,509,298,42,3
2021,01,읍면동,경기도 안양시 만안구 안양6동 ,21077,1147,1313,3229,3542,3141,3561,3018,1406,634,71,15,10872,593,665,1716,1979,1687,1816,1460,694,229,28,5,10205,554,648,1513,1563,1454,1745,1558,712,405,43,10
2021,01,읍면동,경기도 안양시 만안구 안양7동 ,15847,1757,1298,2014,2746,2610,2620,1740,737,262,54,9,7780,863,659,1017,1323,1325,1303,838,344,93,12,3,8067,894,639,997,1423,1285,1317,902,393,169,42,6
2021,01,읍면동,경기도 안양시 만안구 안양8동 ,11023,473,721,1598,1538,1466,2044,1914,876,339,48,6,5704,245,380,876,919,803,999,934,411,131,5,1,5319,228,341,722,619,663,1045,980,465,208,43,5
2021,01,읍면동,경기도 안양시 만안구 안양9동 ,17640,998,1266,2504,2141,2307,3335,2937,1448,616,77,11,8722,515,649,1314,1177,1164,1570,1430,659,226,14,4,8918,483,617,1190,964,1143,1765,1507,789,390,63,7
2021,01,읍면동,경기도 안중출장소 ,0,0,0,0,0,0,0,0,0,0,0,0,0,0,0,0,0,0,0,0,0,0,0,0,0,0,0,0,0,0,0,0,0,0,0,0
2021,01,시군,경기도 양주시 ,231241,19947,24137,27498,28151,39558,38204,29109,16339,7193,1041,64,117346,10158,12274,14761,14541,20375,20053,14627,7558,2748,239,12,113895,9789,11863,12737,13610,19183,18151,14482,8781,4445,802,52
2021,01,읍면동,경기도 양주시 광적면 ,11966,624,862,1293,1164,1694,2479,2172,1068,528,77,5,6446,312,459,747,658,966,1382,1179,513,209,21,0,5520,312,403,546,506,728,1097,993,555,319,56,5
2021,01,읍면동,경기도 양주시 남면,6970,381,398,799,781,816,1250,1397,706,366,72,4,3897,178,211,513,475,492,739,786,352,135,14,2,3073,203,187,286,306,324,511,611,354,231,58,2
2021,01,읍면동,경기도 양주시 백석읍 ,26396,1380,2546,3263,2329,3918,5188,4255,2267,1093,150,7,13346,683,1298,1798,1253,1996,2702,2160,1034,396,26,0,13050,697,1248,1465,1076,1922,2486,2095,1233,697,124,7
2021,01,읍면동,경기도 양주시 양주1동,5370,206,271,586,447,633,1070,1103,671,329,50,4,2816,105,150,319,254,357,564,614,313,131,8,1,2554,101,121,267,193,276,506,489,358,198,42,3
2021,01,읍면동,경기도 양주시 양주2동,50285,4871,7051,5422,5425,10282,7365,5084,3355,1262,161,7,24597,2460,3537,2752,2615,5073,3845,2260,1516,496,43,0,25688,2411,3514,2670,2810,5209,3520,2824,1839,766,118,7
2021,01,읍면동,경기도 양주시 은현면 ,5969,147,320,672,459,673,1269,1365,677,324,60,3,3394,74,172,406,292,424,777,767,345,122,15,0,2575,73,148,266,167,249,492,598,332,202,45,3
2021,01,읍면동,경기도 양주시 장흥면 ,10422,482,539,1105,1074,1143,1802,2198,1300,628,143,8,5338,257,298,664,595,615,889,1088,646,250,32,4,5084,225,241,441,479,528,913,1110,654,378,111,4
2021,01,읍면동,경기도 양주시 회천1동,9769,639,762,1541,1195,1375,1790,1344,734,335,42,12,5147,318,393,893,651,739,976,690,340,133,12,2,4622,321,369,648,544,636,814,654,394,202,30,10
2021,01,읍면동,경기도 양주시 회천2동,27215,1935,2674,3538,2872,4387,5445,3652,1855,759,93,5,13820,998,1392,1866,1526,2261,2797,1863,817,278,22,0,13395,937,1282,1672,1346,2126,2648,1789,1038,481,71,5
2021,01,읍면동,경기도 양주시 회천3동,27699,2289,3506,3943,3014,5093,4695,2512,1660,887,96,4,13730,1177,1794,2066,1493,2515,2409,1226,671,345,31,3,13969,1112,1712,1877,1521,2578,2286,1286,989,542,65,1
2021,01,읍면동,경기도 양주시 회천4동,49180,6993,5208,5336,9391,9544,5851,4027,2046,682,97,5,24815,3596,2570,2737,4729,4937,2973,1994,1011,253,15,0,24365,3397,2638,2599,4662,4607,2878,2033,1035,429,82,5
2021,01,읍면동,경기도 양평군 ,119022,7263,9727,10568,10782,16304,20819,23009,13150,6318,1016,66,59658,3709,5113,5858,5442,8272,10682,11450,6452,2429,237,14,59364,3554,4614,4710,5340,8032,10137,11559,6698,3889,779,52
2021,01,읍면동,경기도 양평군 강상면 ,10473,942,944,839,1217,1687,1653,1777,944,408,59,3,5181,476,487,437,578,852,823,862,492,157,17,0,5292,466,457,402,639,835,830,915,452,251,42,3
2021,01,읍면동,경기도 양평군 강하면 ,4753,182,239,339,376,499,885,1236,711,236,49,1,2397,101,140,192,194,253,441,596,377,94,8,1,2356,81,99,147,182,246,444,640,334,142,41,0
2021,01,읍면동,경기도 양평군 개군면 ,5108,232,315,397,366,594,887,1204,722,343,46,2,2585,114,168,221,194,318,468,603,357,133,8,1,2523,118,147,176,172,276,419,601,365,210,38,1
2021,01,읍면동,경기도 양평군 단월면 ,3902,129,230,255,286,438,681,959,571,311,42,0,1981,60,120,144,165,235,363,489,279,119,7,0,1921,69,110,111,121,203,318,470,292,192,35,0
2021,01,읍면동,경기도 양평군 서종면 ,9680,625,838,605,820,1480,1722,2057,1037,412,79,5,4810,295,450,340,385,741,857,1010,549,163,19,1,4870,330,388,265,435,739,865,1047,488,249,60,4
2021,01,읍면동,경기도 양평군 양동면 ,4598,141,196,277,292,387,908,1162,709,439,79,8,2282,81,102,159,156,209,480,573,333,169,19,1,2316,60,94,118,136,178,428,589,376,270,60,7
2021,01,읍면동,경기도 양평군 양서면 ,13599,742,1033,1220,1207,1822,2417,2727,1622,689,109,11,6765,376,536,655,612,926,1218,1316,794,304,22,6,6834,366,497,565,595,896,1199,1411,828,385,87,5
2021,01,읍면동,경기도 양평군 양평읍 ,30713,2174,3325,3538,3194,4832,5378,4479,2438,1174,165,16,15371,1125,1713,1953,1608,2319,2780,2239,1172,418,42,2,15342,1049,1612,1585,1586,2513,2598,2240,1266,756,123,14
2021,01,읍면동,경기도 양평군 옥천면 ,7951,479,560,734,756,1058,1393,1648,882,379,58,4,4017,226,299,429,395,564,701,820,430,135,18,0,3934,253,261,305,361,494,692,828,452,244,40,4
2021,01,읍면동,경기도 양평군 용문면 ,17638,1276,1506,1658,1649,2472,2946,3085,1904,962,172,8,8856,658,788,925,830,1273,1532,1534,906,373,36,1,8782,618,718,733,819,1199,1414,1551,998,589,136,7
2021,01,읍면동,경기도 양평군 지평면 ,6857,228,385,477,421,683,1271,1696,999,584,110,3,3496,135,220,279,215,375,662,910,466,202,32,0,3361,93,165,198,206,308,609,786,533,382,78,3
2021,01,읍면동,경기도 양평군 청운면 ,3750,113,156,229,198,352,678,979,611,381,48,5,1917,62,90,124,110,207,357,498,297,162,9,1,1833,51,66,105,88,145,321,481,314,219,39,4
2021,01,시군,경기도 여주시 ,112044,7366,9558,12225,11496,16033,20132,18754,10252,5333,840,55,56897,3788,4913,6707,6062,8268,10569,9531,4874,1973,196,16,55147,3578,4645,5518,5434,7765,9563,9223,5378,3360,644,39
2021,01,읍면동,경기도 여주시 가남읍 ,15588,1016,1294,1668,1804,2253,2804,2560,1355,713,111,10,8046,493,669,931,1013,1191,1511,1289,655,257,33,4,7542,523,625,737,791,1062,1293,1271,700,456,78,6
2021,01,읍면동,경기도 여주시 강천면 ,4181,138,267,350,291,475,857,893,557,287,64,2,2166,73,137,207,156,258,479,447,285,112,11,1,2015,65,130,143,135,217,378,446,272,175,53,1
2021,01,읍면동,경기도 여주시 금사면 ,3000,90,146,232,190,272,584,760,462,221,42,1,1556,44,65,152,104,154,318,396,230,86,7,0,1444,46,81,80,86,118,266,364,232,135,35,1
2021,01,읍면동,경기도 여주시 능서면 ,6384,285,436,554,496,685,1139,1376,836,494,82,1,3268,125,223,308,259,412,624,719,412,169,16,1,3116,160,213,246,237,273,515,657,424,325,66,0
2021,01,읍면동,경기도 여주시 대신면 ,7067,224,411,615,446,688,1334,1638,996,615,95,5,3688,115,231,381,257,370,725,876,459,241,31,2,3379,109,180,234,189,318,609,762,537,374,64,3
2021,01,읍면동,경기도 여주시 북내면 ,4898,155,352,406,311,580,998,1016,610,407,57,6,2535,81,203,222,173,311,574,536,269,148,17,1,2363,74,149,184,138,269,424,480,341,259,40,5
2021,01,읍면동,경기도 여주시 산북면 ,2550,116,144,199,177,277,454,599,366,186,30,2,1286,53,67,113,102,150,239,297,176,79,9,1,1264,63,77,86,75,127,215,302,190,107,21,1
2021,01,읍면동,경기도 여주시 여흥동 ,21884,1542,1979,2829,2480,3540,3862,3235,1577,718,112,10,10934,799,1013,1508,1272,1780,1931,1610,730,264,23,4,10950,743,966,1321,1208,1760,1931,1625,847,454,89,6
2021,01,읍면동,경기도 여주시 오학동 ,18233,2073,1792,2101,2662,3197,2969,2009,949,418,57,6,9069,1083,887,1109,1323,1593,1465,1002,447,151,8,1,9164,990,905,992,1339,1604,1504,1007,502,267,49,5
2021,01,읍면동,경기도 여주시 점동면 ,4641,174,262,450,297,409,870,1070,663,390,53,3,2403,100,147,265,163,230,467,542,341,133,14,1,2238,74,115,185,134,179,403,528,322,257,39,2
2021,01,읍면동,경기도 여주시 중앙동 ,18509,1379,2191,2407,1979,3129,3312,2381,1156,502,67,6,9279,727,1112,1277,1031,1532,1714,1184,509,181,12,0,9230,652,1079,1130,948,1597,1598,1197,647,321,55,6
2021,01,읍면동,경기도 여주시 흥천면 ,5109,174,284,414,363,528,949,1217,725,382,70,3,2667,95,159,234,209,287,522,633,361,152,15,0,2442,79,125,180,154,241,427,584,364,230,55,3
2021,01,읍면동,경기도 연천군 ,43438,2702,3179,5334,4243,4954,7106,7596,5042,2833,403,46,22744,1380,1679,3391,2412,2713,3819,3918,2283,1025,107,17,20694,1322,1500,1943,1831,2241,3287,3678,2759,1808,296,29
2021,01,읍면동,경기도 연천군 군남면 ,3208,92,172,330,191,298,576,705,496,315,29,4,1703,45,94,229,110,181,311,386,222,114,9,2,1505,47,78,101,81,117,265,319,274,201,20,2
2021,01,읍면동,경기도 연천군 미산면 ,1782,52,70,140,125,139,337,473,264,158,22,2,946,30,39,86,70,83,181,268,115,66,7,1,836,22,31,54,55,56,156,205,149,92,15,1
2021,01,읍면동,경기도 연천군 백학면 ,2626,80,146,233,176,250,496,569,428,229,16,3,1415,40,85,146,111,145,275,304,204,99,5,1,1211,40,61,87,65,105,221,265,224,130,11,2
2021,01,읍면동,경기도 연천군 신서면 ,2757,59,110,327,152,233,430,649,505,255,35,2,1476,29,51,257,94,145,240,325,239,87,8,1,1281,30,59,70,58,88,190,324,266,168,27,1
2021,01,읍면동,경기도 연천군 연천읍 ,7829,681,448,1226,1019,796,1066,1130,867,510,82,4,4250,339,245,859,610,451,598,567,372,183,26,0,3579,342,203,367,409,345,468,563,495,327,56,4
2021,01,읍면동,경기도 연천군 왕징면 ,1026,23,50,80,67,81,158,236,222,98,10,1,551,13,32,51,39,54,90,124,106,40,1,1,475,10,18,29,28,27,68,112,116,58,9,0
2021,01,읍면동,경기도 연천군 장남면 ,722,21,36,58,39,59,135,168,124,70,12,0,365,14,19,35,21,42,62,86,59,27,0,0,357,7,17,23,18,17,73,82,65,43,12,0
2021,01,읍면동,경기도 연천군 전곡읍 ,19349,1562,1949,2429,2195,2678,3180,2762,1547,873,152,22,9827,810,997,1359,1186,1363,1664,1397,709,292,40,10,9522,752,952,1070,1009,1315,1516,1365,838,581,112,12
2021,01,읍면동,경기도 연천군 중면,201,8,10,47,12,19,31,34,26,12,1,1,118,4,4,41,7,9,17,18,14,4,0,0,83,4,6,6,5,10,14,16,12,8,1,1
2021,01,읍면동,경기도 연천군 청산면 ,3938,124,188,464,267,401,697,870,563,313,44,7,2093,56,113,328,164,240,381,443,243,113,11,1,1845,68,75,136,103,161,316,427,320,200,33,6
2021,01,시군,경기도 오산시 ,230042,23574,24924,31378,38825,43380,33399,20137,9842,4023,518,42,118964,11972,12713,16960,20968,23022,17438,9941,4358,1474,106,12,111078,11602,12211,14418,17857,20358,15961,10196,5484,2549,412,30
2021,01,읍면동,경기도 오산시 남촌동 ,20159,912,1165,3775,4854,3735,2824,1724,820,311,33,6,11859,446,581,2129,3130,2324,1785,941,387,128,6,2,8300,466,584,1646,1724,1411,1039,783,433,183,27,4
2021,01,읍면동,경기도 오산시 대원동 ,64546,6154,7255,9709,10076,12060,9892,5433,2720,1089,150,8,33461,3112,3806,5330,5407,6330,5147,2693,1170,427,38,1,31085,3042,3449,4379,4669,5730,4745,2740,1550,662,112,7
2021,01,읍면동,경기도 오산시 세마동 ,32064,4028,3332,4075,6032,6083,4258,2645,1109,424,73,5,16401,2020,1685,2168,3147,3185,2155,1326,549,156,9,1,15663,2008,1647,1907,2885,2898,2103,1319,560,268,64,4
2021,01,읍면동,경기도 오산시 신장동 ,60917,7081,6959,7097,9947,11600,8492,5637,2790,1156,146,12,30781,3603,3536,3756,5145,6130,4279,2682,1232,383,32,3,30136,3478,3423,3341,4802,5470,4213,2955,1558,773,114,9
2021,01,읍면동,경기도 오산시 중앙동 ,36106,4003,4238,4472,5551,6792,5419,3209,1629,706,81,6,18100,2063,2077,2351,2840,3464,2766,1570,690,264,13,2,18006,1940,2161,2121,2711,3328,2653,1639,939,442,68,4
2021,01,읍면동,경기도 오산시 초평동 ,16250,1396,1975,2250,2365,3110,2514,1489,774,337,35,5,8362,728,1028,1226,1299,1589,1306,729,330,116,8,3,7888,668,947,1024,1066,1521,1208,760,444,221,27,2
2021,01,시군,경기도 용인시 ,1075045,100084,121078,137984,144750,199921,165706,107144,65857,28103,4209,209,533222,51142,62134,71477,71443,98747,84294,51124,29986,11706,1131,38,541823,48942,58944,66507,73307,101174,81412,56020,35871,16397,3078,171
2021,01,구,경기도 용인시 기흥구 ,440940,42435,50790,57003,59161,83722,66986,41485,26371,11224,1689,74,217700,21743,26090,29526,28953,41051,33832,19380,11877,4752,479,17,223240,20692,24700,27477,30208,42671,33154,22105,14494,6472,1210,57
2021,01,읍면동,경기도 용인시 기흥구 구갈동,42036,4325,3378,6680,7801,7095,6526,3572,1879,663,110,7,20948,2220,1723,3252,3918,3636,3294,1732,885,262,25,1,21088,2105,1655,3428,3883,3459,3232,1840,994,401,85,6
2021,01,읍면동,경기도 용인시 기흥구 구성동,39334,3309,4822,4338,4183,7731,5886,4327,3193,1338,200,7,19028,1708,2488,2247,2020,3740,2872,1914,1389,606,43,1,20306,1601,2334,2091,2163,3991,3014,2413,1804,732,157,6
2021,01,읍면동,경기도 용인시 기흥구 기흥동,21421,1817,2170,2541,2765,3789,3522,2688,1454,582,90,3,10602,918,1127,1342,1384,1909,1717,1251,688,253,13,0,10819,899,1043,1199,1381,1880,1805,1437,766,329,77,3
2021,01,읍면동,경기도 용인시 기흥구 동백1동 ,33013,3453,5717,3560,3396,7883,4674,2124,1496,619,89,2,15874,1708,2897,1786,1508,3746,2444,924,588,243,30,0,17139,1745,2820,1774,1888,4137,2230,1200,908,376,59,2
2021,01,읍면동,경기도 용인시 기흥구 동백2동 ,27269,2629,4707,3198,2380,6282,4281,1965,1200,539,84,4,13397,1370,2435,1642,1032,2882,2319,927,544,223,21,2,13872,1259,2272,1556,1348,3400,1962,1038,656,316,63,2
2021,01,읍면동,경기도 용인시 기흥구 동백3동 ,23526,2971,2964,2224,3137,4921,2708,2034,1707,771,87,2,11437,1540,1514,1103,1443,2434,1374,861,770,362,34,2,12089,1431,1450,1121,1694,2487,1334,1173,937,409,53,0
2021,01,읍면동,경기도 용인시 기흥구 마북동,32356,2687,3103,4103,4061,5419,5099,3719,2806,1184,169,6,15812,1402,1594,2106,1986,2624,2489,1730,1277,542,60,2,16544,1285,1509,1997,2075,2795,2610,1989,1529,642,109,4
2021,01,읍면동,경기도 용인시 기흥구 보라동,33706,3043,4368,4043,3908,6527,5222,3374,2197,884,132,8,16718,1579,2249,2067,1910,3252,2648,1581,1013,374,43,2,16988,1464,2119,1976,1998,3275,2574,1793,1184,510,89,6
2021,01,읍면동,경기도 용인시 기흥구 보정동,36660,3371,4591,4242,4138,7358,5353,3511,2815,1115,161,5,18020,1756,2391,2199,1905,3475,2761,1639,1323,520,51,0,18640,1615,2200,2043,2233,3883,2592,1872,1492,595,110,5
2021,01,읍면동,경기도 용인시 기흥구 상갈동,13384,954,1269,1979,1877,2387,2266,1281,905,419,45,2,6915,519,630,1052,1030,1234,1230,628,394,185,12,1,6469,435,639,927,847,1153,1036,653,511,234,33,1
2021,01,읍면동,경기도 용인시 기흥구 상하동,24925,1966,2803,3445,2816,4450,4438,2716,1554,639,92,6,12199,1034,1461,1781,1357,2134,2202,1289,684,236,21,0,12726,932,1342,1664,1459,2316,2236,1427,870,403,71,6
2021,01,읍면동,경기도 용인시 기흥구 서농동,26157,3162,2483,5198,4575,4473,3196,1853,829,342,43,3,13445,1570,1248,3086,2285,2296,1558,903,366,123,9,1,12712,1592,1235,2112,2290,2177,1638,950,463,219,34,2
2021,01,읍면동,경기도 용인시 기흥구 신갈동,38811,3374,3601,5135,6198,6647,6205,4023,2407,1070,139,12,19322,1688,1851,2563,3225,3329,3157,1966,1044,451,45,3,19489,1686,1750,2572,2973,3318,3048,2057,1363,619,94,9
2021,01,읍면동,경기도 용인시 기흥구 영덕1동 ,30709,3488,3539,3850,4695,5980,4846,2596,1170,459,82,4,15248,1769,1839,1999,2308,2957,2446,1225,542,149,13,1,15461,1719,1700,1851,2387,3023,2400,1371,628,310,69,3
2021,01,읍면동,경기도 용인시 기흥구 영덕2동 ,17633,1886,1275,2467,3231,2780,2764,1702,759,600,166,3,8735,962,643,1301,1642,1403,1321,810,370,223,59,1,8898,924,632,1166,1589,1377,1443,892,389,377,107,2
2021,01,구,경기도 용인시 수지구 ,376332,36569,45557,46496,51625,72548,55377,33944,23403,9416,1344,53,183410,18623,23185,23231,24464,34734,28078,15786,10679,4234,389,7,192922,17946,22372,23265,27161,37814,27299,18158,12724,5182,955,46
2021,01,읍면동,경기도 용인시 수지구 동천동,49673,5751,5376,5575,7924,9646,7022,4689,2613,901,170,6,24493,2989,2778,2800,3701,4737,3558,2260,1237,391,42,0,25180,2762,2598,2775,4223,4909,3464,2429,1376,510,128,6
2021,01,읍면동,경기도 용인시 수지구 상현1동 ,48599,4804,6164,6319,6751,9341,7051,4117,2786,1098,158,10,23499,2372,3125,3083,3182,4438,3570,1905,1274,511,38,1,25100,2432,3039,3236,3569,4903,3481,2212,1512,587,120,9
2021,01,읍면동,경기도 용인시 수지구 상현2동 ,34108,3375,4247,3901,4285,6586,5081,3072,2463,956,139,3,16600,1738,2197,1936,2024,3150,2541,1393,1138,440,43,0,17508,1637,2050,1965,2261,3436,2540,1679,1325,516,96,3
2021,01,읍면동,경기도 용인시 수지구 성복동,51763,5085,6267,5591,5812,9979,7588,5505,4261,1452,215,8,24848,2574,3075,2800,2542,4666,3847,2464,2082,733,63,2,26915,2511,3192,2791,3270,5313,3741,3041,2179,719,152,6
2021,01,읍면동,경기도 용인시 수지구 신봉동,38244,3526,5332,4106,4047,8009,5767,3450,2797,1069,140,1,18576,1791,2744,2104,1829,3703,2990,1595,1262,516,42,0,19668,1735,2588,2002,2218,4306,2777,1855,1535,553,98,1
2021,01,읍면동,경기도 용인시 수지구 죽전1동 ,56875,5033,7103,7856,6980,10857,8758,5178,3355,1547,201,7,27452,2544,3585,3881,3276,5205,4333,2433,1472,660,63,0,29423,2489,3518,3975,3704,5652,4425,2745,1883,887,138,7
2021,01,읍면동,경기도 용인시 수지구 죽전2동 ,18536,1522,1619,2773,3281,3046,2881,1800,1049,476,87,2,9161,799,831,1410,1660,1499,1407,850,483,195,27,0,9375,723,788,1363,1621,1547,1474,950,566,281,60,2
2021,01,읍면동,경기도 용인시 수지구 풍덕천1동,36834,2765,3683,5436,6275,6081,5438,3679,2345,994,127,11,18343,1428,1887,2810,3311,2952,2749,1708,1049,410,37,2,18491,1337,1796,2626,2964,3129,2689,1971,1296,584,90,9
2021,01,읍면동,경기도 용인시 수지구 풍덕천2동,41700,4708,5766,4939,6270,9003,5791,2454,1734,923,107,5,20438,2388,2963,2407,2939,4384,3083,1178,682,378,34,2,21262,2320,2803,2532,3331,4619,2708,1276,1052,545,73,3
2021,01,구,경기도 용인시 처인구 ,257773,21080,24731,34485,33964,43651,43343,31715,16083,7463,1176,82,132112,10776,12859,18720,18026,22962,22384,15958,7430,2720,263,14,125661,10304,11872,15765,15938,20689,20959,15757,8653,4743,913,68
2021,01,읍면동,경기도 용인시 처인구 남사면,23628,3178,1895,1933,4213,4162,3093,2918,1505,614,110,7,11906,1597,938,1026,2093,2270,1546,1415,765,228,27,1,11722,1581,957,907,2120,1892,1547,1503,740,386,83,6
2021,01,읍면동,경기도 용인시 처인구 동부동,13155,684,1135,1869,1437,1980,2604,2023,976,371,69,7,6810,356,619,1040,817,1011,1314,1038,453,141,21,0,6345,328,516,829,620,969,1290,985,523,230,48,7
2021,01,읍면동,경기도 용인시 처인구 모현읍,26342,1949,2372,3384,3049,4469,4690,3630,1859,801,131,8,13799,1022,1231,1891,1599,2412,2538,1876,882,323,23,2,12543,927,1141,1493,1450,2057,2152,1754,977,478,108,6
2021,01,읍면동,경기도 용인시 처인구 백암면,8405,231,481,854,722,1009,1583,1828,943,656,91,7,4543,130,269,524,436,616,876,989,449,231,22,1,3862,101,212,330,286,393,707,839,494,425,69,6
2021,01,읍면동,경기도 용인시 처인구 양지면,18942,1286,1835,2341,2406,3126,3384,2642,1192,607,112,11,10045,669,985,1323,1376,1712,1775,1392,577,207,28,1,8897,617,850,1018,1030,1414,1609,1250,615,400,84,10
2021,01,읍면동,경기도 용인시 처인구 역삼동,44747,4872,4448,7163,7402,7806,6400,3866,1888,773,119,10,22431,2515,2266,3676,3775,3969,3138,1894,868,299,28,3,22316,2357,2182,3487,3627,3837,3262,1972,1020,474,91,7
2021,01,읍면동,경기도 용인시 처인구 원삼면,8244,332,561,740,727,1089,1601,1677,951,484,77,5,4283,167,298,415,417,598,848,869,482,171,18,0,3961,165,263,325,310,491,753,808,469,313,59,5
2021,01,읍면동,경기도 용인시 처인구 유림동,36018,3142,4340,4874,4543,6808,6141,3414,1843,799,110,4,18191,1586,2246,2633,2320,3410,3187,1687,798,296,28,0,17827,1556,2094,2241,2223,3398,2954,1727,1045,503,82,4
2021,01,읍면동,경기도 용인시 처인구 이동읍,20313,1564,1794,2135,2365,3346,3712,2984,1521,751,131,10,10391,782,937,1214,1301,1823,1931,1456,676,249,21,1,9922,782,857,921,1064,1523,1781,1528,845,502,110,9
2021,01,읍면동,경기도 용인시 처인구 중앙동,24704,1545,2207,4412,3161,3886,4215,3005,1473,685,102,13,12503,776,1139,2305,1745,2030,2111,1469,648,251,24,5,12201,769,1068,2107,1416,1856,2104,1536,825,434,78,8
2021,01,읍면동,경기도 용인시 처인구 포곡읍,33275,2297,3663,4780,3939,5970,5920,3728,1932,922,124,0,17210,1176,1931,2673,2147,3111,3120,1873,832,324,23,0,16065,1121,1732,2107,1792,2859,2800,1855,1100,598,101,0
2021,01,시군,경기도 의왕시 ,163585,13016,14561,23456,22826,24587,29389,21610,9119,4235,739,47,81379,6749,7506,12332,11753,12128,14145,10837,4284,1464,168,13,82206,6267,7055,11124,11073,12459,15244,10773,4835,2771,571,34
2021,01,읍면동,경기도 의왕시 고천동 ,14546,884,972,2521,2612,1778,2046,2191,1023,428,88,3,7392,478,510,1308,1451,917,970,1086,505,150,15,2,7154,406,462,1213,1161,861,1076,1105,518,278,73,1
2021,01,읍면동,경기도 의왕시 내손1동,21212,1534,2062,3316,2415,3176,4232,2729,1069,565,102,12,10412,806,1100,1692,1198,1507,2013,1397,484,193,21,1,10800,728,962,1624,1217,1669,2219,1332,585,372,81,11
2021,01,읍면동,경기도 의왕시 내손2동,23423,2362,2120,3258,3556,3614,4163,2721,1011,519,94,5,11511,1205,1115,1689,1717,1773,1997,1377,443,174,20,1,11912,1157,1005,1569,1839,1841,2166,1344,568,345,74,4
2021,01,읍면동,경기도 의왕시 부곡동 ,29605,2213,2422,4177,4185,4426,5176,3801,2019,1033,139,14,15055,1154,1241,2270,2273,2307,2584,1912,894,375,41,4,14550,1059,1181,1907,1912,2119,2592,1889,1125,658,98,10
2021,01,읍면동,경기도 의왕시 오전동 ,37700,2749,3882,4972,4694,5957,6847,5391,2181,869,153,5,18719,1371,2015,2619,2390,2894,3296,2712,1072,317,31,2,18981,1378,1867,2353,2304,3063,3551,2679,1109,552,122,3
2021,01,읍면동,경기도 의왕시 청계동 ,37099,3274,3103,5212,5364,5636,6925,4777,1816,821,163,8,18290,1735,1525,2754,2724,2730,3285,2353,886,255,40,3,18809,1539,1578,2458,2640,2906,3640,2424,930,566,123,5
2021,01,시군,경기도 의정부시,462499,34316,42445,64700,60085,74819,80522,57843,31433,14193,1908,235,227731,17730,21883,32863,30692,37520,39568,27888,13823,5261,452,51,234768,16586,20562,31837,29393,37299,40954,29955,17610,8932,1456,184
2021,01,읍면동,경기도 의정부시 가능동,26096,1498,2022,3582,3287,3871,4999,3772,2054,887,110,14,13035,755,1065,1874,1769,1979,2475,1868,897,331,21,1,13061,743,957,1708,1518,1892,2524,1904,1157,556,89,13
2021,01,읍면동,경기도 의정부시 녹양동,22148,1524,2147,3025,2630,3542,3974,2891,1557,734,121,3,11058,818,1161,1595,1342,1790,1965,1392,689,276,30,0,11090,706,986,1430,1288,1752,2009,1499,868,458,91,3
2021,01,읍면동,경기도 의정부시 송산1동 ,40281,3384,3567,5576,5702,6535,6936,4937,2266,1203,162,13,19991,1714,1860,2880,2978,3266,3382,2449,1036,394,29,3,20290,1670,1707,2696,2724,3269,3554,2488,1230,809,133,10
2021,01,읍면동,경기도 의정부시 송산2동 ,33740,2819,4271,4556,3803,6299,5959,3029,1932,927,140,5,16698,1458,2179,2409,1863,3042,3082,1455,817,362,29,2,17042,1361,2092,2147,1940,3257,2877,1574,1115,565,111,3
2021,01,읍면동,경기도 의정부시 송산3동 ,46600,6643,5160,5197,8292,9053,6042,3719,1697,697,96,4,22658,3386,2574,2595,3945,4532,2907,1724,758,211,25,1,23942,3257,2586,2602,4347,4521,3135,1995,939,486,71,3
2021,01,읍면동,경기도 의정부시 신곡1동 ,43895,2779,4008,6187,5178,6767,8593,5912,2972,1324,163,12,21591,1484,2046,3209,2670,3309,4142,2896,1325,475,32,3,22304,1295,1962,2978,2508,3458,4451,3016,1647,849,131,9
2021,01,읍면동,경기도 의정부시 신곡2동 ,48203,3469,5204,6944,5472,7732,8946,5988,2872,1356,209,11,23403,1816,2716,3534,2761,3691,4204,2900,1257,477,44,3,24800,1653,2488,3410,2711,4041,4742,3088,1615,879,165,8
2021,01,읍면동,경기도 의정부시 의정부1동 ,31760,1109,1607,6366,4779,4377,5526,4468,2273,1047,145,63,16237,594,820,3004,2643,2448,3000,2283,1004,396,33,12,15523,515,787,3362,2136,1929,2526,2185,1269,651,112,51
2021,01,읍면동,경기도 의정부시 의정부2동 ,31351,1792,2110,5312,4598,4822,5565,3989,2147,885,119,12,15540,948,1134,2600,2385,2500,2750,1898,941,346,34,4,15811,844,976,2712,2213,2322,2815,2091,1206,539,85,8
2021,01,읍면동,경기도 의정부시 자금동,27096,1910,2488,3725,3184,4208,5080,3518,1894,946,122,21,13243,949,1300,1965,1589,2072,2451,1723,824,322,37,11,13853,961,1188,1760,1595,2136,2629,1795,1070,624,85,10
2021,01,읍면동,경기도 의정부시 장암동,20673,1525,2082,2406,2300,3457,3434,2848,1719,780,110,12,9859,761,1062,1205,1140,1705,1624,1349,725,270,17,1,10814,764,1020,1201,1160,1752,1810,1499,994,510,93,11
2021,01,읍면동,경기도 의정부시 호원1동 ,36257,2300,2787,4735,4583,5776,5900,5231,3476,1306,143,20,17679,1199,1411,2295,2354,3006,2830,2395,1583,558,43,5,18578,1101,1376,2440,2229,2770,3070,2836,1893,748,100,15
2021,01,읍면동,경기도 의정부시 호원2동 ,35225,2448,3414,4578,4027,5615,5961,4614,3027,1366,165,10,17076,1263,1720,2330,2033,2716,2918,2157,1311,568,58,2,18149,1185,1694,2248,1994,2899,3043,2457,1716,798,107,8
2021,01,읍면동,경기도 의정부시 흥선동,19174,1116,1578,2511,2250,2765,3607,2927,1547,735,103,35,9663,585,835,1368,1220,1464,1838,1399,656,275,20,3,9511,531,743,1143,1030,1301,1769,1528,891,460,83,32
2021,01,시군,경기도 이천시 ,218651,18689,22042,30257,30540,34713,35314,26185,13114,6770,963,64,113095,9653,11459,17137,16372,17948,18372,13369,6035,2493,237,20,105556,9036,10583,13120,14168,16765,16942,12816,7079,4277,726,44
2021,01,읍면동,경기도 이천시 관고동 ,10308,569,791,1512,1361,1476,1972,1574,706,303,41,3,5259,303,369,789,788,763,1003,814,306,110,13,1,5049,266,422,723,573,713,969,760,400,193,28,2
2021,01,읍면동,경기도 이천시 대월면 ,14494,1214,1204,2587,2494,2121,1961,1557,880,402,70,4,7373,640,600,1270,1319,1163,1030,790,398,144,17,2,7121,574,604,1317,1175,958,931,767,482,258,53,2
2021,01,읍면동,경기도 이천시 마장면 ,14367,1523,1049,2167,2595,2014,2036,1612,866,429,70,6,7800,787,537,1318,1477,1153,1095,849,408,154,20,2,6567,736,512,849,1118,861,941,763,458,275,50,4
2021,01,읍면동,경기도 이천시 모가면 ,4442,146,271,374,360,504,856,960,571,356,42,2,2383,84,155,237,227,289,467,504,274,135,11,0,2059,62,116,137,133,215,389,456,297,221,31,2
2021,01,읍면동,경기도 이천시 백사면 ,11321,795,872,1318,1272,1621,2189,1731,918,513,88,4,5769,408,466,726,648,853,1109,899,424,211,24,1,5552,387,406,592,624,768,1080,832,494,302,64,3
2021,01,읍면동,경기도 이천시 부발읍 ,36092,3285,4471,5073,5088,6709,5561,3406,1608,790,97,4,18937,1669,2321,2974,2698,3450,2999,1769,747,288,22,0,17155,1616,2150,2099,2390,3259,2562,1637,861,502,75,4
2021,01,읍면동,경기도 이천시 설성면 ,4743,174,222,398,378,501,882,1029,668,421,64,6,2506,80,118,240,235,308,489,539,324,159,12,2,2237,94,104,158,143,193,393,490,344,262,52,4
2021,01,읍면동,경기도 이천시 신둔면 ,13730,1072,999,1629,1845,1985,2563,2087,998,463,82,7,7195,554,526,892,1002,1089,1341,1112,472,188,16,3,6535,518,473,737,843,896,1222,975,526,275,66,4
2021,01,읍면동,경기도 이천시 율면,2680,62,122,178,155,237,445,686,399,343,49,4,1378,36,64,103,98,154,236,355,192,127,12,1,1302,26,58,75,57,83,209,331,207,216,37,3
2021,01,읍면동,경기도 이천시 장호원읍,14717,977,1372,1543,1521,2007,2512,2441,1424,810,99,11,7485,494,735,921,795,1037,1305,1217,657,295,25,4,7232,483,637,622,726,970,1207,1224,767,515,74,7
2021,01,읍면동,경기도 이천시 중리동 ,14879,923,922,3102,2413,1878,2300,1915,931,429,60,6,8436,478,488,2144,1512,1025,1194,959,447,171,15,3,6443,445,434,958,901,853,1106,956,484,258,45,3
2021,01,읍면동,경기도 이천시 증포동 ,53783,6672,7821,6847,8206,10366,7971,3678,1437,687,96,2,26901,3463,4079,3635,3952,4980,4082,1865,606,218,20,1,26882,3209,3742,3212,4254,5386,3889,1813,831,469,76,1
2021,01,읍면동,경기도 이천시 창전동 ,17264,971,1552,2864,2200,2578,2952,2451,1127,507,58,4,8582,500,799,1529,1230,1263,1403,1143,520,176,19,0,8682,471,753,1335,970,1315,1549,1308,607,331,39,4
2021,01,읍면동,경기도 이천시 호법면 ,5831,306,374,665,652,716,1114,1058,581,317,47,1,3091,157,202,359,391,421,619,554,260,117,11,0,2740,149,172,306,261,295,495,504,321,200,36,1
2021,01,시군,경기도 파주시 ,466539,44064,49196,56945,66931,80805,73232,49918,28847,14294,2108,199,236488,22510,25303,30203,35360,41419,38363,24798,12703,5223,546,60,230051,21554,23893,26742,31571,39386,34869,25120,16144,9071,1562,139
2021,01,읍면동,경기도 파주시 광탄면 ,11427,475,654,1258,1037,1338,2315,2239,1253,701,142,15,6230,243,363,775,619,797,1291,1248,630,228,32,4,5197,232,291,483,418,541,1024,991,623,473,110,11
2021,01,읍면동,경기도 파주시 교하동 ,42106,3882,5585,4729,5191,8346,6899,4043,2164,1082,173,12,21348,1967,2922,2580,2624,4142,3701,2038,947,391,35,1,20758,1915,2663,2149,2567,4204,3198,2005,1217,691,138,11
2021,01,읍면동,경기도 파주시 금촌1동,22370,1135,1494,3447,2812,3328,4233,3125,1826,829,126,15,11865,580,796,1948,1659,1798,2387,1572,802,285,31,7,10505,555,698,1499,1153,1530,1846,1553,1024,544,95,8
2021,01,읍면동,경기도 파주시 금촌2동,33156,3304,4238,4271,4466,6028,5254,2851,1775,839,117,13,16230,1692,2192,2147,2262,2885,2686,1309,728,299,27,3,16926,1612,2046,2124,2204,3143,2568,1542,1047,540,90,10
2021,01,읍면동,경기도 파주시 금촌3동,27376,2269,2779,3826,3631,4346,4690,3154,1705,860,113,3,14040,1131,1450,2105,1945,2249,2429,1591,769,339,30,2,13336,1138,1329,1721,1686,2097,2261,1563,936,521,83,1
2021,01,읍면동,경기도 파주시 문산읍 ,48474,4869,4769,5808,7618,7536,6946,5301,3523,1817,256,31,24771,2457,2461,3191,4221,4003,3620,2549,1521,648,86,14,23703,2412,2308,2617,3397,3533,3326,2752,2002,1169,170,17
2021,01,읍면동,경기도 파주시 법원읍 ,10849,345,729,1338,895,1238,2188,2041,1292,667,104,12,5761,191,397,819,515,705,1201,1067,610,220,33,3,5088,154,332,519,380,533,987,974,682,447,71,9
2021,01,읍면동,경기도 파주시 운정1동,45879,4990,5849,5502,6573,8881,6900,4060,2052,931,133,8,22452,2549,2910,2667,3251,4366,3453,1968,906,348,33,1,23427,2441,2939,2835,3322,4515,3447,2092,1146,583,100,7
2021,01,읍면동,경기도 파주시 운정2동,63070,8945,7557,6713,11904,12390,7559,4313,2444,1085,157,3,30847,4594,3818,3176,5906,6200,3743,1973,981,413,41,2,32223,4351,3739,3537,5998,6190,3816,2340,1463,672,116,1
2021,01,읍면동,경기도 파주시 운정3동,83978,9972,9947,9952,13688,16841,11753,6556,3501,1584,178,6,41197,5126,5098,4914,6691,8339,5843,3078,1469,592,47,0,42781,4846,4849,5038,6997,8502,5910,3478,2032,992,131,6
2021,01,읍면동,경기도 파주시 월롱면 ,9035,192,287,1977,2168,959,1311,1171,575,340,51,4,5754,92,160,1190,1761,682,810,651,282,115,11,0,3281,100,127,787,407,277,501,520,293,225,40,4
2021,01,읍면동,경기도 파주시 장단출장소,566,21,35,56,47,73,102,96,94,39,3,0,287,10,14,29,23,50,51,53,39,16,2,0,279,11,21,27,24,23,51,43,55,23,1,0
2021,01,읍면동,경기도 파주시 적성면 ,7551,573,524,945,857,831,1219,1235,904,387,74,2,4058,289,299,595,486,476,661,662,419,153,18,0,3493,284,225,350,371,355,558,573,485,234,56,2
2021,01,읍면동,경기도 파주시 조리읍 ,30066,1754,2736,3745,2993,4486,5922,4533,2484,1229,169,15,15282,876,1374,2039,1639,2313,3094,2302,1129,468,43,5,14784,878,1362,1706,1354,2173,2828,2231,1355,761,126,10
2021,01,읍면동,경기도 파주시 진동면 ,162,5,13,4,11,15,29,34,31,18,2,0,88,2,4,4,6,6,19,18,17,10,2,0,74,3,9,0,5,9,10,16,14,8,0,0
2021,01,읍면동,경기도 파주시 탄현면 ,13258,645,995,1489,1452,2121,2567,2034,1163,674,110,8,7174,343,520,863,852,1197,1474,1092,548,258,26,1,6084,302,475,626,600,924,1093,942,615,416,84,7
2021,01,읍면동,경기도 파주시 파주읍 ,13309,589,815,1469,1337,1693,2569,2329,1472,860,135,41,7062,316,424,882,760,1004,1467,1216,636,309,37,11,6247,273,391,587,577,689,1102,1113,836,551,98,30
2021,01,읍면동,경기도 파주시 파평면 ,3907,99,190,416,251,355,776,803,589,352,65,11,2042,52,101,279,140,207,433,411,270,131,12,6,1865,47,89,137,111,148,343,392,319,221,53,5
2021,01,시군,경기도 평택시 ,540929,49332,53435,73980,81379,94298,87462,55895,28675,14213,2023,237,279690,25144,27558,40620,44259,50182,45999,27797,12522,5032,503,74,261239,24188,25877,33360,37120,44116,41463,28098,16153,9181,1520,163
2021,01,읍면동,경기도 평택시 고덕면 ,23485,2714,1883,3612,4545,3738,3395,1999,996,516,82,5,12434,1352,935,2119,2483,2088,1764,1012,485,180,13,3,11051,1362,948,1493,2062,1650,1631,987,511,336,69,2
2021,01,읍면동,경기도 평택시 비전1동,86384,11150,9394,11477,16770,16456,11672,5829,2407,1081,140,8,43845,5724,4863,5917,8655,8408,5936,2876,1064,369,31,2,42539,5426,4531,5560,8115,8048,5736,2953,1343,712,109,6
2021,01,읍면동,경기도 평택시 비전2동,53936,5740,6224,7400,8058,9490,8650,4913,2219,1096,132,14,26719,2932,3268,3802,4051,4561,4260,2437,933,438,36,1,27217,2808,2956,3598,4007,4929,4390,2476,1286,658,96,13
2021,01,읍면동,경기도 평택시 서정동 ,25475,1324,2321,3657,3091,4122,4845,3268,1838,874,118,17,12898,656,1207,1996,1745,2194,2442,1540,762,305,42,9,12577,668,1114,1661,1346,1928,2403,1728,1076,569,76,8
2021,01,읍면동,경기도 평택시 서탄면 ,3675,119,207,351,349,474,675,743,460,271,24,2,2019,52,124,227,205,304,383,407,219,92,5,1,1656,67,83,124,144,170,292,336,241,179,19,1
2021,01,읍면동,경기도 평택시 세교동 ,27592,2422,2761,4174,3887,4420,5108,2770,1287,671,87,5,13874,1239,1414,2205,2081,2223,2530,1388,523,246,24,1,13718,1183,1347,1969,1806,2197,2578,1382,764,425,63,4
2021,01,읍면동,경기도 평택시 송북동 ,22074,1611,2221,2930,2598,3719,4074,2752,1390,659,106,14,11013,819,1118,1598,1321,1908,2058,1357,565,233,30,6,11061,792,1103,1332,1277,1811,2016,1395,825,426,76,8
2021,01,읍면동,경기도 평택시 송탄동 ,19943,2333,1834,2644,3391,3645,3207,1748,718,357,60,6,10402,1175,906,1436,1789,2003,1672,947,327,132,13,2,9541,1158,928,1208,1602,1642,1535,801,391,225,47,4
2021,01,읍면동,경기도 평택시 신장1동,7423,573,494,1050,1259,1213,1150,867,512,250,44,11,3718,296,256,580,692,663,595,365,171,83,12,5,3705,277,238,470,567,550,555,502,341,167,32,6
2021,01,읍면동,경기도 평택시 신장2동,5770,169,298,728,639,784,1008,1001,705,353,62,23,2930,92,166,402,387,476,537,461,264,121,14,10,2840,77,132,326,252,308,471,540,441,232,48,13
2021,01,읍면동,경기도 평택시 신평동 ,22773,1042,1743,3949,2893,3461,4264,2989,1586,749,86,11,11726,548,922,2148,1644,1823,2192,1449,698,274,25,3,11047,494,821,1801,1249,1638,2072,1540,888,475,61,8
2021,01,읍면동,경기도 평택시 안중읍 ,43608,3982,5802,5764,5624,8611,6936,3803,1930,999,148,9,22444,1979,2934,3125,3052,4407,3791,1946,823,353,34,0,21164,2003,2868,2639,2572,4204,3145,1857,1107,646,114,9
2021,01,읍면동,경기도 평택시 오성면 ,6709,310,482,703,611,889,1308,1168,710,458,68,2,3582,169,249,411,372,534,751,593,322,157,24,0,3127,141,233,292,239,355,557,575,388,301,44,2
2021,01,읍면동,경기도 평택시 용이동 ,25138,3379,3126,3381,4634,5121,3191,1481,545,248,32,0,13096,1774,1594,1808,2424,2712,1703,756,243,76,6,0,12042,1605,1532,1573,2210,2409,1488,725,302,172,26,0
2021,01,읍면동,경기도 평택시 원평동 ,10708,537,651,1627,1490,1598,1903,1528,883,417,59,15,5576,259,336,923,887,836,1023,746,395,153,14,4,5132,278,315,704,603,762,880,782,488,264,45,11
2021,01,읍면동,경기도 평택시 중앙동 ,44007,2909,4897,7149,5349,7599,8171,4522,2220,1033,140,18,22595,1488,2519,4011,2990,3859,4180,2211,963,334,33,7,21412,1421,2378,3138,2359,3740,3991,2311,1257,699,107,11
2021,01,읍면동,경기도 평택시 지산동 ,12661,711,896,2434,2235,2114,1977,1238,702,305,44,5,6803,338,429,1382,1346,1202,1069,622,285,121,8,1,5858,373,467,1052,889,912,908,616,417,184,36,4
2021,01,읍면동,경기도 평택시 진위면 ,11373,491,821,1490,1343,1690,2146,1814,1023,488,63,4,6240,245,444,906,851,990,1186,947,482,174,14,1,5133,246,377,584,492,700,960,867,541,314,49,3
2021,01,읍면동,경기도 평택시 청북읍 ,26873,4071,3182,2363,4895,5439,2961,2182,1101,560,112,7,14200,2109,1643,1315,2539,3084,1663,1096,548,179,24,0,12673,1962,1539,1048,2356,2355,1298,1086,553,381,88,7
2021,01,읍면동,경기도 평택시 통복동 ,4111,127,204,607,433,514,811,741,458,186,26,4,2155,64,119,354,260,285,433,355,208,67,9,1,1956,63,85,253,173,229,378,386,250,119,17,3
2021,01,읍면동,경기도 평택시 팽성읍 ,27802,1555,1738,2967,3009,3959,5135,4756,2880,1543,210,50,14198,801,908,1716,1678,2211,2805,2228,1219,565,50,17,13604,754,830,1251,1331,1748,2330,2528,1661,978,160,33
2021,01,읍면동,경기도 평택시 포승읍 ,24118,1909,1966,3084,3930,4619,3897,2643,1323,639,104,4,14440,947,1057,1983,2606,3020,2459,1474,648,220,26,0,9678,962,909,1101,1324,1599,1438,1169,675,419,78,4
2021,01,읍면동,경기도 평택시 현덕면 ,5291,154,290,439,346,623,978,1140,782,460,76,3,2783,86,147,256,201,391,567,584,375,160,16,0,2508,68,143,183,145,232,411,556,407,300,60,3
2021,01,시군,경기도 포천시 ,147393,8509,12141,17895,14559,20425,29147,24646,12488,6520,984,79,77964,4398,6361,10358,8094,11001,15981,13345,5782,2381,233,30,69429,4111,5780,7537,6465,9424,13166,11301,6706,4139,751,49
2021,01,읍면동,경기도 포천시 가산면 ,7725,216,426,786,621,888,1899,1658,724,431,74,2,4527,109,222,464,396,575,1194,1004,376,173,13,1,3198,107,204,322,225,313,705,654,348,258,61,1
2021,01,읍면동,경기도 포천시 관인면 ,2793,54,146,230,127,253,542,667,488,255,28,3,1459,25,69,148,85,153,291,348,232,98,7,3,1334,29,77,82,42,100,251,319,256,157,21,0
2021,01,읍면동,경기도 포천시 군내면 ,8674,609,574,943,1112,1148,1630,1494,719,386,58,1,4675,315,294,550,618,655,882,850,356,143,11,1,3999,294,280,393,494,493,748,644,363,243,47,0
2021,01,읍면동,경기도 포천시 내촌면 ,4616,111,195,443,333,551,1113,1046,507,283,32,2,2641,66,111,271,206,355,651,615,242,119,4,1,1975,45,84,172,127,196,462,431,265,164,28,1
2021,01,읍면동,경기도 포천시 선단동 ,14477,720,1172,1944,1410,2249,3258,2251,928,479,59,7,7802,389,617,1110,772,1242,1836,1225,436,156,17,2,6675,331,555,834,638,1007,1422,1026,492,323,42,5
2021,01,읍면동,경기도 포천시 소흘읍 ,43802,2822,4846,5821,4272,7187,8942,5872,2568,1259,201,12,22338,1439,2508,3139,2186,3571,4726,3096,1185,443,41,4,21464,1383,2338,2682,2086,3616,4216,2776,1383,816,160,8
2021,01,읍면동,경기도 포천시 신북면 ,12494,649,958,1490,1191,1658,2508,2319,1075,553,86,7,6871,354,529,909,680,907,1454,1298,508,208,23,1,5623,295,429,581,511,751,1054,1021,567,345,63,6
2021,01,읍면동,경기도 포천시 영북면 ,8472,639,444,974,1010,884,1295,1506,1016,575,112,17,4516,335,221,667,607,509,714,781,426,222,28,6,3956,304,223,307,403,375,581,725,590,353,84,11
2021,01,읍면동,경기도 포천시 영중면 ,4860,188,251,417,296,512,1019,1097,669,360,47,4,2639,95,131,250,176,321,597,616,297,137,17,2,2221,93,120,167,120,191,422,481,372,223,30,2
2021,01,읍면동,경기도 포천시 이동면 ,6229,511,356,849,880,636,889,1033,682,354,36,3,3380,261,172,580,522,372,480,539,323,120,11,0,2849,250,184,269,358,264,409,494,359,234,25,3
2021,01,읍면동,경기도 포천시 일동면 ,9476,499,699,965,854,1215,1592,1837,1097,599,110,9,4902,256,382,586,500,672,831,936,500,206,28,5,4574,243,317,379,354,543,761,901,597,393,82,4
2021,01,읍면동,경기도 포천시 창수면 ,2156,43,80,186,123,203,378,567,364,192,20,0,1212,27,50,126,83,119,229,316,172,83,7,0,944,16,30,60,40,84,149,251,192,109,13,0
2021,01,읍면동,경기도 포천시 포천동 ,18868,1251,1847,2555,1976,2769,3631,2755,1353,623,97,11,9553,630,989,1393,1057,1396,1858,1411,576,219,20,4,9315,621,858,1162,919,1373,1773,1344,777,404,77,7
2021,01,읍면동,경기도 포천시 화현면 ,2751,197,147,292,354,272,451,544,298,171,24,1,1449,97,66,165,206,154,238,310,153,54,6,0,1302,100,81,127,148,118,213,234,145,117,18,1
2021,01,읍면동,경기도 풍양출장소 ,0,0,0,0,0,0,0,0,0,0,0,0,0,0,0,0,0,0,0,0,0,0,0,0,0,0,0,0,0,0,0,0,0,0,0,0
2021,01,시군,경기도 하남시 ,295122,30164,25378,36632,50171,51912,42254,35407,16319,5753,1009,123,148229,15437,12933,18633,25437,27217,21024,17114,8128,2048,224,34,146893,14727,12445,17999,24734,24695,21230,18293,8191,3705,785,89
2021,01,읍면동,경기도 하남시 감북동 ,2856,84,151,348,381,385,585,523,264,109,20,6,1578,46,77,202,239,228,317,286,132,40,9,2,1278,38,74,146,142,157,268,237,132,69,11,4
2021,01,읍면동,경기도 하남시 감일동 ,15295,2165,1283,1776,3121,2560,1958,1493,646,247,39,7,7715,1132,652,893,1540,1338,977,759,338,71,14,1,7580,1033,631,883,1581,1222,981,734,308,176,25,6
2021,01,읍면동,경기도 하남시 덕풍1동,16280,995,1124,2189,2326,2259,2900,2725,1254,437,58,13,8230,508,604,1194,1242,1175,1371,1314,627,180,12,3,8050,487,520,995,1084,1084,1529,1411,627,257,46,10
2021,01,읍면동,경기도 하남시 덕풍2동,19459,1106,1199,2552,2961,2593,3475,3386,1519,557,102,9,9828,578,610,1411,1624,1351,1710,1626,723,178,14,3,9631,528,589,1141,1337,1242,1765,1760,796,379,88,6
2021,01,읍면동,경기도 하남시 덕풍3동,25745,2149,2558,3099,3395,4435,4157,3462,1734,642,105,9,12819,1142,1306,1663,1739,2209,2021,1639,830,243,26,1,12926,1007,1252,1436,1656,2226,2136,1823,904,399,79,8
2021,01,읍면동,경기도 하남시 미사1동,49927,4985,3881,8981,11674,9162,5222,3688,1708,519,105,2,25170,2593,1921,4131,6216,4898,2674,1663,882,172,20,0,24757,2392,1960,4850,5458,4264,2548,2025,826,347,85,2
2021,01,읍면동,경기도 하남시 미사2동,48257,6800,5188,4087,7865,10505,5834,4815,2317,711,130,5,23769,3481,2627,2059,3586,5494,2879,2248,1157,209,29,0,24488,3319,2561,2028,4279,5011,2955,2567,1160,502,101,5
2021,01,읍면동,경기도 하남시 신장1동,6737,308,413,1004,1037,939,1256,1022,520,200,32,6,3481,154,218,547,603,517,649,487,228,72,4,2,3256,154,195,457,434,422,607,535,292,128,28,4
2021,01,읍면동,경기도 하남시 신장2동,45461,3798,3901,5185,6656,7254,7113,6752,3446,1155,185,16,22503,1923,2035,2690,3409,3676,3382,3191,1696,449,46,6,22958,1875,1866,2495,3247,3578,3731,3561,1750,706,139,10
2021,01,읍면동,경기도 하남시 위례동 ,19227,2557,1942,2131,3243,3786,2841,1911,608,174,32,2,9376,1266,944,1044,1456,1923,1366,980,334,53,10,0,9851,1291,998,1087,1787,1863,1475,931,274,121,22,2
2021,01,읍면동,경기도 하남시 천현동 ,7813,352,428,988,1023,1047,1498,1540,618,261,50,8,4308,180,236,568,604,639,849,815,302,100,13,2,3505,172,192,420,419,408,649,725,316,161,37,6
2021,01,읍면동,경기도 하남시 초이동 ,3705,172,170,483,486,468,747,731,296,136,14,2,2117,88,89,278,302,296,437,415,154,54,4,0,1588,84,81,205,184,172,310,316,142,82,10,2
2021,01,읍면동,경기도 하남시 춘궁동 ,4055,127,200,494,441,548,807,789,401,209,32,7,2275,65,113,276,271,336,491,433,194,91,3,2,1780,62,87,218,170,212,316,356,207,118,29,5
2021,01,읍면동,경기도 하남시 풍산동 ,30305,4566,2940,3315,5562,5971,3861,2570,988,396,105,31,15060,2281,1501,1677,2606,3137,1901,1258,531,136,20,12,15245,2285,1439,1638,2956,2834,1960,1312,457,260,85,19
2021,01,시군,경기도 화성시 ,857550,103916,97086,104994,150827,164718,116070,70875,32261,14579,2105,119,445135,53093,49603,56827,78479,87822,62372,36147,15071,5249,436,36,412415,50823,47483,48167,72348,76896,53698,34728,17190,9330,1669,83
2021,01,읍면동,경기도 화성시 기배동 ,13672,1308,1804,1714,1554,2674,2256,1388,692,245,35,2,6996,677,932,931,798,1370,1185,678,328,91,6,0,6676,631,872,783,756,1304,1071,710,364,154,29,2
2021,01,읍면동,경기도 화성시 남양읍 ,41837,4106,3552,5657,7227,6797,6618,4675,2087,948,166,4,22819,2133,1818,3329,4228,3865,3592,2446,1032,347,29,0,19018,1973,1734,2328,2999,2932,3026,2229,1055,601,137,4
2021,01,읍면동,경기도 화성시 동탄1동,51495,6383,6943,7950,9734,10352,6396,2383,936,372,45,1,26509,3222,3571,4292,4906,5184,3523,1215,447,140,9,0,24986,3161,3372,3658,4828,5168,2873,1168,489,232,36,1
2021,01,읍면동,경기도 화성시 동탄2동,35863,4296,6599,3770,4236,8777,4723,2025,1023,373,38,3,17665,2204,3318,1901,1903,4265,2521,965,431,151,5,1,18198,2092,3281,1869,2333,4512,2202,1060,592,222,33,2
2021,01,읍면동,경기도 화성시 동탄3동,42205,5812,5348,6278,8281,8514,4214,2085,1200,410,62,1,21742,2996,2782,3462,4290,4372,2227,921,509,165,18,0,20463,2816,2566,2816,3991,4142,1987,1164,691,245,44,1
2021,01,읍면동,경기도 화성시 동탄4동,53344,9202,8919,4217,9223,13282,5400,2038,751,265,47,0,26580,4704,4498,2122,3998,6859,2960,1013,339,81,6,0,26764,4498,4421,2095,5225,6423,2440,1025,412,184,41,0
2021,01,읍면동,경기도 화성시 동탄5동,41808,6222,4220,5014,10157,8064,4139,2502,1049,384,55,2,20977,3180,2153,2437,5122,4219,2107,1144,485,121,9,0,20831,3042,2067,2577,5035,3845,2032,1358,564,263,46,2
2021,01,읍면동,경기도 화성시 동탄6동,31161,4532,2961,4438,7519,5881,3359,1634,561,232,43,1,16125,2318,1546,2209,3953,3166,1770,819,257,77,9,1,15036,2214,1415,2229,3566,2715,1589,815,304,155,34,0
2021,01,읍면동,경기도 화성시 동탄7동,84496,14781,9172,8613,19431,17089,8823,4553,1466,486,78,4,42415,7536,4646,4317,9551,8958,4322,2205,735,129,14,2,42081,7245,4526,4296,9880,8131,4501,2348,731,357,64,2
2021,01,읍면동,경기도 화성시 동탄8동,28113,5149,2435,2891,7673,5098,2583,1607,463,182,32,0,14211,2616,1221,1421,3884,2752,1247,775,231,61,3,0,13902,2533,1214,1470,3789,2346,1336,832,232,121,29,0
2021,01,읍면동,경기도 화성시 마도면 ,6888,253,402,730,742,1000,1421,1232,714,341,49,4,4096,144,218,474,494,683,865,705,372,130,11,0,2792,109,184,256,248,317,556,527,342,211,38,4
2021,01,읍면동,경기도 화성시 매송면 ,7190,287,484,815,664,945,1530,1301,747,366,48,3,3805,142,262,461,380,539,854,686,334,133,12,2,3385,145,222,354,284,406,676,615,413,233,36,1
2021,01,읍면동,경기도 화성시 반월동 ,32493,4341,4020,4102,5819,6043,4550,2490,754,318,53,3,16432,2201,2080,2172,2883,3116,2213,1282,381,92,10,2,16061,2140,1940,1930,2936,2927,2337,1208,373,226,43,1
2021,01,읍면동,경기도 화성시 병점1동,28649,2602,3135,5035,4543,5117,4067,2428,1193,462,66,1,14703,1361,1598,2817,2401,2595,2040,1192,509,179,11,0,13946,1241,1537,2218,2142,2522,2027,1236,684,283,55,1
2021,01,읍면동,경기도 화성시 병점2동,24472,2484,4002,2961,3072,5431,3294,1732,1011,433,51,1,11935,1265,2002,1513,1482,2630,1721,761,403,152,6,0,12537,1219,2000,1448,1590,2801,1573,971,608,281,45,1
2021,01,읍면동,경기도 화성시 봉담읍 ,81867,8309,9852,10246,11467,15811,12582,8079,3764,1513,227,17,41598,4117,4940,5461,5826,8204,6659,4051,1754,533,49,4,40269,4192,4912,4785,5641,7607,5923,4028,2010,980,178,13
2021,01,읍면동,경기도 화성시 비봉면 ,5863,228,338,584,505,701,1225,1160,648,396,75,3,3310,127,183,349,312,446,716,683,316,159,17,2,2553,101,155,235,193,255,509,477,332,237,58,1
2021,01,읍면동,경기도 화성시 새솔동 ,21637,4011,2104,2385,4821,4118,2658,1143,254,125,17,1,10874,1982,1045,1229,2387,2149,1301,615,127,36,3,0,10763,2029,1059,1156,2434,1969,1357,528,127,89,14,1
2021,01,읍면동,경기도 화성시 서신면 ,7127,165,311,549,517,817,1606,1694,850,524,85,9,3932,82,173,355,301,504,928,931,424,211,20,3,3195,83,138,194,216,313,678,763,426,313,65,6
2021,01,읍면동,경기도 화성시 송산면 ,10922,449,790,999,868,1426,2161,2101,1250,728,139,11,5879,232,432,575,524,826,1247,1125,590,293,35,0,5043,217,358,424,344,600,914,976,660,435,104,11
2021,01,읍면동,경기도 화성시 양감면 ,3977,97,159,395,362,478,885,884,418,267,31,1,2437,55,88,266,246,347,580,536,217,94,8,0,1540,42,71,129,116,131,305,348,201,173,23,1
2021,01,읍면동,경기도 화성시 우정읍 ,17394,901,1449,1769,1591,2762,3544,2799,1610,845,117,7,9461,474,737,1069,960,1633,2038,1451,764,303,29,3,7933,427,712,700,631,1129,1506,1348,846,542,88,4
2021,01,읍면동,경기도 화성시 장안면 ,10344,393,617,1036,899,1317,2204,2044,1102,660,64,8,5947,222,340,638,576,856,1374,1137,517,262,19,6,4397,171,277,398,323,461,830,907,585,398,45,2
2021,01,읍면동,경기도 화성시 정남면 ,11425,412,772,1359,1143,1643,2433,1987,1027,560,81,8,6610,217,414,850,758,1051,1480,1122,501,202,13,2,4815,195,358,509,385,592,953,865,526,358,68,6
2021,01,읍면동,경기도 화성시 진안동 ,43889,4445,3917,7097,8917,7814,5929,3507,1542,635,84,2,23639,2279,2006,4089,5056,4371,3133,1759,686,238,21,1,20250,2166,1911,3008,3861,3443,2796,1748,856,397,63,1
2021,01,읍면동,경기도 화성시 팔탄면 ,9974,304,479,996,1014,1455,2317,1947,861,515,80,6,6027,162,256,659,692,982,1503,1129,435,186,23,0,3947,142,223,337,322,473,814,818,426,329,57,6
2021,01,읍면동,경기도 화성시 향남읍 ,86246,10655,10074,10272,15878,17362,10985,6469,2947,1424,171,9,46158,5515,5152,5651,8930,9695,6090,3280,1315,492,33,5,40088,5140,4922,4621,6948,7667,4895,3189,1632,932,138,4
2021,01,읍면동,경기도 화성시 화산동 ,23199,1789,2228,3122,2970,3950,4168,2988,1341,570,66,7,12253,930,1192,1778,1638,2185,2176,1521,632,191,8,2,10946,859,1036,1344,1332,1765,1992,1467,709,379,58,5
2021,01,읍면동,경기도 화성시동부출장소 ,0,0,0,0,0,0,0,0,0,0,0,0,0,0,0,0,0,0,0,0,0,0,0,0,0,0,0,0,0,0,0,0,0,0,0,0
2021,01,읍면동,경기도 화성시동탄출장소 ,0,0,0,0,0,0,0,0,0,0,0,0,0,0,0,0,0,0,0,0,0,0,0,0,0,0,0,0,0,0,0,0,0,0,0,0

